9311_Chr8_2510762_2592989	N22_Chr8_2448857_2536717	99.580	14062	27	15	68183	82228	73816	87861	0.0	25612
9311_Chr8_2510762_2592989	N22_Chr8_2448857_2536717	98.419	7463	71	33	60597	68039	66387	73822	0.0	13084
9311_Chr8_2510762_2592989	N22_Chr8_2448857_2536717	98.004	5311	56	18	44460	49749	50276	55557	0.0	9175
9311_Chr8_2510762_2592989	N22_Chr8_2448857_2536717	98.516	5122	45	13	49710	54818	55426	60529	0.0	9009
9311_Chr8_2510762_2592989	N22_Chr8_2448857_2536717	98.794	4810	41	12	55975	60776	61868	66668	0.0	8545
9311_Chr8_2510762_2592989	N22_Chr8_2448857_2536717	98.015	3879	49	9	25628	29484	34246	38118	0.0	6711
9311_Chr8_2510762_2592989	N22_Chr8_2448857_2536717	98.358	3471	31	12	40840	44299	46818	50273	0.0	6071
9311_Chr8_2510762_2592989	N22_Chr8_2448857_2536717	91.754	1613	129	3	18740	20352	31343	32951	0.0	2239
9311_Chr8_2510762_2592989	N22_Chr8_2448857_2536717	86.371	1981	178	38	37680	39619	42046	43975	0.0	2078
9311_Chr8_2510762_2592989	N22_Chr8_2448857_2536717	84.857	1684	182	24	37682	39319	47709	49365	0.0	1629
9311_Chr8_2510762_2592989	N22_Chr8_2448857_2536717	93.151	1095	18	6	54693	55762	60376	61438	0.0	1554
9311_Chr8_2510762_2592989	N22_Chr8_2448857_2536717	98.307	886	10	3	55683	56565	61399	62282	0.0	1548
9311_Chr8_2510762_2592989	N22_Chr8_2448857_2536717	93.157	906	55	3	23927	24828	32944	33846	0.0	1323
9311_Chr8_2510762_2592989	N22_Chr8_2448857_2536717	96.068	763	22	4	39960	40720	46063	46819	0.0	1236
9311_Chr8_2510762_2592989	N22_Chr8_2448857_2536717	85.629	1169	141	18	42232	43390	42496	43647	0.0	1203
9311_Chr8_2510762_2592989	N22_Chr8_2448857_2536717	93.867	799	40	4	36259	37050	38590	39386	0.0	1195
9311_Chr8_2510762_2592989	N22_Chr8_2448857_2536717	85.140	821	84	20	13496	14301	26137	26934	0.0	806
9311_Chr8_2510762_2592989	N22_Chr8_2448857_2536717	97.337	413	7	2	55975	56385	62040	62450	0.0	699
9311_Chr8_2510762_2592989	N22_Chr8_2448857_2536717	96.659	419	8	3	56149	56565	61694	62108	0.0	691
9311_Chr8_2510762_2592989	N22_Chr8_2448857_2536717	96.411	418	11	2	35168	35584	38113	38527	0.0	686
9311_Chr8_2510762_2592989	N22_Chr8_2448857_2536717	95.134	411	18	2	24986	25396	33838	34246	0.0	647
9311_Chr8_2510762_2592989	N22_Chr8_2448857_2536717	89.036	529	42	9	12816	13329	25242	25769	0.0	641
9311_Chr8_2510762_2592989	N22_Chr8_2448857_2536717	93.391	348	23	0	8204	8551	25422	25769	2.67e-146	516
9311_Chr8_2510762_2592989	N22_Chr8_2448857_2536717	78.060	907	103	45	41307	42187	41647	42483	7.52e-137	484
9311_Chr8_2510762_2592989	N22_Chr8_2448857_2536717	94.643	280	9	3	39692	39969	45386	45661	3.57e-120	429
9311_Chr8_2510762_2592989	N22_Chr8_2448857_2536717	94.565	276	15	0	37340	37615	39486	39761	1.29e-119	427
9311_Chr8_2510762_2592989	N22_Chr8_2448857_2536717	95.918	245	6	2	56323	56565	61694	61936	1.30e-109	394
9311_Chr8_2510762_2592989	N22_Chr8_2448857_2536717	95.510	245	7	2	55975	56217	62214	62456	6.07e-108	388
9311_Chr8_2510762_2592989	N22_Chr8_2448857_2536717	72.419	1327	297	53	1330	2611	35903	37205	4.76e-99	359
9311_Chr8_2510762_2592989	N22_Chr8_2448857_2536717	90.598	234	13	8	49178	49406	52962	53191	8.13e-82	302
9311_Chr8_2510762_2592989	N22_Chr8_2448857_2536717	90.295	237	14	8	47149	47381	54984	55215	8.13e-82	302
9311_Chr8_2510762_2592989	N22_Chr8_2448857_2536717	77.660	470	72	23	53871	54322	59703	60157	6.42e-68	255
9311_Chr8_2510762_2592989	N22_Chr8_2448857_2536717	77.447	470	73	23	53980	54433	59594	60046	2.99e-66	250
9311_Chr8_2510762_2592989	N22_Chr8_2448857_2536717	85.965	228	26	4	49616	49841	55561	55338	6.47e-63	239
9311_Chr8_2510762_2592989	N22_Chr8_2448857_2536717	99.225	129	1	0	49713	49841	55557	55429	3.01e-61	233
9311_Chr8_2510762_2592989	N22_Chr8_2448857_2536717	84.112	214	26	7	25391	25596	25770	25983	3.05e-51	200
9311_Chr8_2510762_2592989	N22_Chr8_2448857_2536717	91.111	135	11	1	82094	82228	34678	34811	1.11e-45	182
9311_Chr8_2510762_2592989	N22_Chr8_2448857_2536717	89.630	135	13	1	26052	26185	87727	87861	2.39e-42	171
9311_Chr8_2510762_2592989	N22_Chr8_2448857_2536717	86.957	138	9	7	49664	49797	55561	55429	4.03e-35	147
9311_Chr8_2510762_2592989	N22_Chr8_2448857_2536717	97.561	82	2	0	54694	54775	60449	60530	1.88e-33	141
9311_Chr8_2510762_2592989	N22_Chr8_2448857_2536717	79.621	211	25	8	1	195	15043	15251	8.73e-32	135
9311_Chr8_2510762_2592989	N22_Chr8_2448857_2536717	83.673	147	18	6	36003	36146	72847	72704	3.14e-31	134
9311_Chr8_2510762_2592989	N22_Chr8_2448857_2536717	81.657	169	16	2	54693	54860	60529	60375	5.25e-29	126
9311_Chr8_2510762_2592989	N22_Chr8_2448857_2536717	79.885	174	32	3	46028	46200	50807	50636	1.89e-28	124
9311_Chr8_2510762_2592989	N22_Chr8_2448857_2536717	93.902	82	3	1	7486	7567	25289	25368	6.79e-28	122
9311_Chr8_2510762_2592989	N22_Chr8_2448857_2536717	90.588	85	7	1	54779	54863	60528	60445	1.47e-24	111
9311_Chr8_2510762_2592989	N22_Chr8_2448857_2536717	95.455	66	2	1	47492	47556	50315	50380	2.46e-22	104
9311_Chr8_2510762_2592989	N22_Chr8_2448857_2536717	89.157	83	7	2	37298	37378	39400	39482	8.85e-22	102
9311_Chr8_2510762_2592989	N22_Chr8_2448857_2536717	92.958	71	3	1	55975	56045	62388	62456	8.85e-22	102
9311_Chr8_2510762_2592989	N22_Chr8_2448857_2536717	81.295	139	9	4	54721	54859	60367	60488	4.12e-20	97.1
9311_Chr8_2510762_2592989	N22_Chr8_2448857_2536717	95.161	62	1	2	73343	73403	78915	78975	4.12e-20	97.1
9311_Chr8_2510762_2592989	N22_Chr8_2448857_2536717	95.161	62	1	2	73295	73355	78963	79023	4.12e-20	97.1
9311_Chr8_2510762_2592989	N22_Chr8_2448857_2536717	75.439	228	38	9	54650	54861	55335	55560	1.48e-19	95.3
9311_Chr8_2510762_2592989	N22_Chr8_2448857_2536717	86.747	83	8	2	44397	44477	53217	53298	6.89e-18	89.8
9311_Chr8_2510762_2592989	N22_Chr8_2448857_2536717	81.081	111	13	7	46513	46619	46876	46982	1.15e-15	82.4
9311_Chr8_2510762_2592989	N22_Chr8_2448857_2536717	81.250	112	11	8	40895	41001	52330	52436	1.15e-15	82.4
9311_Chr8_2510762_2592989	N22_Chr8_2448857_2536717	100.000	39	0	0	60963	61001	55464	55426	6.94e-13	73.1
9311_Chr8_2510762_2592989	N22_Chr8_2448857_2536717	100.000	34	0	0	73796	73829	79383	79416	4.18e-10	63.9
9311_Chr8_2510762_2592989	N22_Chr8_2448857_2536717	100.000	34	0	0	73763	73796	79416	79449	4.18e-10	63.9
