query	3	89.007	3475	2483	5887	29205558	29208983	0.0	4191
query	3	83.181	3490	89766	93139	29262535	29265914	0.0	2985
query	3	84.096	3125	46915	50000	29244762	29247856	0.0	2953
query	3	83.569	3177	64171	67318	29244728	29247856	0.0	2904
query	3	83.812	3132	46915	50000	29254093	29257167	0.0	2880
query	3	79.761	4106	32170	36202	14439140	14435081	0.0	2868
query	3	83.181	3181	64171	67318	29254059	29257167	0.0	2813
query	3	86.738	2526	81955	84459	29255460	29257960	0.0	2767
query	3	86.603	2523	81955	84452	29246146	29248642	0.0	2739
query	3	89.229	2154	13104	15236	29216463	29218590	0.0	2649
query	3	80.510	3017	32170	35145	5668340	5665362	0.0	2241
query	3	80.898	2560	41730	44175	29239189	29241637	0.0	1810
query	3	83.720	1984	11188	13091	29214491	29216411	0.0	1742
query	3	88.256	1158	18263	19383	29221094	29222238	0.0	1339
query	3	82.287	1417	78302	79707	29244727	29246120	0.0	1195
query	3	85.932	1116	28231	29333	29234651	29235704	0.0	1122
query	3	78.939	1904	9409	11166	29212595	29214420	0.0	1088
query	3	90.641	780	50049	50828	29247863	29248642	0.0	1037
query	3	81.099	1365	78302	79643	29254058	29255383	0.0	1035
query	3	89.826	806	50049	50854	29257174	29257979	0.0	1035
query	3	88.142	818	67348	68157	29257164	29257979	0.0	965
query	3	88.258	792	67348	68131	29247853	29248642	0.0	939
query	3	86.650	794	93147	93928	29265961	29266726	0.0	843
query	3	85.675	719	26339	27047	29232274	29232977	0.0	734
query	3	83.485	769	8328	9052	29211677	29212426	0.0	658
query	3	83.228	632	24369	24980	29230991	29231614	1.93e-154	555
query	3	85.000	560	16858	17393	29219749	29220298	1.95e-149	538
query	3	89.904	416	89107	89521	29261843	29262257	2.52e-148	534
query	3	81.831	688	229	881	29203169	29203839	3.26e-147	531
query	3	87.124	466	17917	18372	29220814	29221272	1.18e-141	512
query	3	85.060	502	88383	88861	29260863	29261350	4.31e-131	477
query	3	82.353	578	23714	24273	29230174	29230739	1.55e-130	475
query	3	87.123	365	44171	44531	29241664	29242007	5.77e-105	390
query	3	95.516	223	17452	17673	29220480	29220702	2.11e-94	355
query	3	83.611	360	55976	56318	29240590	29240948	2.14e-84	322
query	3	89.062	256	86516	86771	334866	334611	2.76e-83	318
query	3	86.760	287	86519	86804	20855936	20856221	2.76e-83	318
query	3	89.020	255	86514	86768	6899767	6899514	3.57e-82	315
query	3	88.933	253	86516	86767	19300742	19300491	4.62e-81	311
query	3	87.546	273	86516	86784	21135214	21134944	4.62e-81	311
query	3	88.538	253	86516	86768	9064439	9064691	5.98e-80	307
query	3	87.547	265	86514	86776	15732789	15732526	7.74e-79	303
query	3	88.235	255	86514	86768	24746415	24746668	7.74e-79	303
query	3	86.667	270	86516	86784	25296014	25296283	3.60e-77	298
query	3	87.795	254	86516	86768	23042499	23042751	1.29e-76	296
query	3	85.172	290	86516	86804	26105409	26105121	1.29e-76	296
query	3	86.071	280	86516	86791	13211615	13211891	4.66e-76	294
query	3	87.451	255	86514	86768	4378816	4379068	1.67e-75	292
query	3	87.854	247	86521	86767	4276563	4276809	6.02e-75	291
query	3	85.223	291	86521	86804	19260193	19259906	6.02e-75	291
query	3	86.692	263	86516	86777	25319849	25319587	6.02e-75	291
query	3	87.109	256	86516	86771	3461571	3461317	2.17e-74	289
query	3	85.560	277	59574	59849	1515059	1514786	7.79e-74	287
query	3	83.654	312	59537	59846	9064394	9064700	7.79e-74	287
query	3	82.822	326	59537	59860	11860511	11860832	7.79e-74	287
query	3	86.957	253	86516	86768	14048283	14048031	2.80e-73	285
query	3	86.957	253	86516	86768	20143706	20143958	2.80e-73	285
query	3	86.312	263	86516	86776	2181916	2182177	1.01e-72	283
query	3	84.483	290	86516	86804	3125602	3125889	1.01e-72	283
query	3	86.719	256	86516	86771	15151166	15150912	1.01e-72	283
query	3	86.434	258	86514	86771	15569405	15569662	1.01e-72	283
query	3	86.770	257	86516	86771	22725668	22725414	1.01e-72	283
query	3	87.149	249	86523	86771	4322153	4321907	3.63e-72	281
query	3	84.247	292	86514	86804	9640869	9641157	3.63e-72	281
query	3	86.207	261	86514	86774	24279904	24279645	3.63e-72	281
query	3	86.381	257	86516	86772	26299067	26299323	3.63e-72	281
query	3	86.614	254	86516	86768	8266561	8266813	1.30e-71	279
query	3	86.561	253	86516	86768	12895827	12896079	1.30e-71	279
query	3	86.434	258	86516	86771	6739618	6739364	4.69e-71	278
query	3	85.606	264	86514	86776	6805906	6806169	1.69e-70	276
query	3	86.047	258	86521	86776	8476356	8476613	1.69e-70	276
query	3	85.185	270	86516	86784	12503528	12503259	1.69e-70	276
query	3	83.959	293	86514	86804	23935085	23934797	1.69e-70	276
query	3	86.166	253	86516	86768	4679144	4679396	6.07e-70	274
query	3	84.643	280	59558	59836	6899791	6899516	6.07e-70	274
query	3	86.640	247	86521	86767	17276882	17276636	6.07e-70	274
query	3	85.992	257	86516	86771	22596847	22596592	6.07e-70	274
query	3	83.972	287	59558	59843	3125576	3125859	2.18e-69	272
query	3	86.111	252	86516	86767	18305098	18304847	2.18e-69	272
query	3	83.904	292	86516	86804	21199901	21200187	2.18e-69	272
query	3	86.111	252	86517	86768	22476150	22476400	7.85e-69	270
query	3	86.290	248	86516	86763	3208491	3208737	2.82e-68	268
query	3	85.385	260	86516	86774	10968100	10968358	2.82e-68	268
query	3	86.531	245	86516	86759	10432153	10432395	1.02e-67	267
query	3	85.714	252	86516	86767	11860557	11860808	1.02e-67	267
query	3	84.420	276	86521	86795	10302540	10302808	3.65e-67	265
query	3	85.887	248	86516	86763	17976112	17976359	3.65e-67	265
query	3	86.179	246	86521	86766	3274371	3274129	1.31e-66	263
query	3	85.328	259	86516	86774	23819544	23819291	1.31e-66	263
query	3	83.451	284	86523	86804	638402	638121	4.72e-66	261
query	3	86.555	238	86514	86751	11190431	11190667	4.72e-66	261
query	3	85.156	256	86516	86770	12552584	12552838	4.72e-66	261
query	3	84.791	263	86516	86776	20786741	20786480	4.72e-66	261
query	3	85.156	256	86516	86771	22651048	22650795	4.72e-66	261
query	3	83.942	274	59534	59807	7679222	7679491	1.70e-65	259
query	3	84.586	266	86516	86776	11208855	11208591	1.70e-65	259
query	3	83.158	285	86475	86758	7570212	7569930	6.11e-65	257
query	3	82.508	303	59537	59836	8266516	8266811	6.11e-65	257
query	3	84.615	260	86516	86774	11400024	11400282	6.11e-65	257
query	3	85.259	251	86525	86774	12962634	12962385	6.11e-65	257
query	3	84.133	271	86516	86784	15636661	15636927	6.11e-65	257
query	3	84.133	271	86516	86784	19647402	19647669	6.11e-65	257
query	3	86.008	243	86516	86756	21105664	21105904	6.11e-65	257
query	3	86.008	243	86525	86767	5845478	5845715	2.20e-64	255
query	3	82.392	301	59537	59836	10968055	10968349	2.20e-64	255
query	3	84.496	258	86516	86773	21239683	21239426	2.20e-64	255
query	3	81.459	329	86468	86784	11082314	11081991	7.90e-64	254
query	3	84.375	256	86531	86784	221032	220777	1.02e-62	250
query	3	82.060	301	59544	59842	202542	202249	3.68e-62	248
query	3	84.706	255	86516	86770	7345913	7346160	3.68e-62	248
query	3	81.447	318	59537	59849	11088485	11088176	3.68e-62	248
query	3	81.173	324	59558	59875	21135240	21134924	3.68e-62	248
query	3	85.837	233	86516	86748	7519982	7520213	1.32e-61	246
query	3	82.414	290	86516	86804	22227412	22227695	1.32e-61	246
query	3	81.940	299	59537	59833	3208447	3208737	4.76e-61	244
query	3	82.292	288	59558	59843	2794390	2794109	1.71e-60	243
query	3	80.488	328	59537	59861	4276513	4276834	1.71e-60	243
query	3	86.026	229	86576	86803	12746604	12746378	1.71e-60	243
query	3	85.000	240	86514	86752	23042027	23041789	1.71e-60	243
query	3	83.794	253	86516	86768	3770214	3769962	6.15e-60	241
query	3	79.827	347	59537	59880	15151210	15150874	6.15e-60	241
query	3	82.042	284	59568	59849	334882	334602	7.96e-59	237
query	3	83.083	266	86514	86777	2413573	2413835	7.96e-59	237
query	3	86.574	216	86516	86731	18082430	18082644	7.96e-59	237
query	3	82.593	270	86516	86784	22336332	22336064	7.96e-59	237
query	3	83.525	261	86516	86768	24114354	24114614	7.96e-59	237
query	3	86.036	222	86516	86737	26602970	26602750	7.96e-59	237
query	3	85.714	231	86516	86744	21652007	21651784	2.86e-58	235
query	3	81.410	312	22442	22752	29228916	29229207	2.86e-58	235
query	3	83.333	252	86516	86767	24201859	24202110	1.03e-57	233
query	3	80.255	314	59537	59849	6573606	6573298	3.70e-57	231
query	3	83.019	265	86516	86776	11845438	11845696	3.70e-57	231
query	3	86.321	212	59566	59777	721235	721025	1.33e-56	230
query	3	82.117	274	86514	86784	8595115	8595386	1.33e-56	230
query	3	82.937	252	86516	86767	5267189	5266938	4.79e-56	228
query	3	83.004	253	86533	86784	14848064	14847814	1.72e-55	226
query	3	83.401	247	86559	86804	21323836	21324080	1.72e-55	226
query	3	79.345	397	7014	7406	29210490	29210832	1.72e-55	226
query	3	81.852	270	86517	86784	9934146	9933879	6.20e-55	224
query	3	85.000	220	86521	86740	24724595	24724814	6.20e-55	224
query	3	85.514	214	86556	86768	8903751	8903539	2.23e-54	222
query	3	82.609	253	86533	86784	24718755	24718504	2.23e-54	222
query	3	80.769	286	86533	86815	3422087	3422371	8.02e-54	220
query	3	81.679	262	86516	86776	22487981	22487721	1.04e-52	217
query	3	79.612	309	59537	59843	20143661	20143963	3.73e-52	215
query	3	81.509	265	86521	86784	23774854	23775116	3.73e-52	215
query	3	83.262	233	86516	86748	23820303	23820535	3.73e-52	215
query	3	80.714	280	59558	59836	6739644	6739369	1.34e-51	213
query	3	80.412	291	59558	59846	6956531	6956813	1.34e-51	213
query	3	81.818	253	86525	86777	19163350	19163098	1.34e-51	213
query	3	81.783	258	86521	86776	26400875	26400619	1.34e-51	213
query	3	80.952	273	59537	59807	21105619	21105887	4.82e-51	211
query	3	82.773	238	86536	86771	5651284	5651049	1.74e-50	209
query	3	82.114	246	86533	86777	76605	76848	6.24e-50	207
query	3	83.406	229	86577	86802	4670305	4670080	6.24e-50	207
query	3	81.569	255	86516	86768	10471472	10471724	6.24e-50	207
query	3	82.627	236	86516	86750	15144077	15144311	6.24e-50	207
query	3	80.212	283	59581	59861	19559925	19560204	6.24e-50	207
query	3	82.231	242	59566	59807	6591034	6590797	2.24e-49	206
query	3	87.027	185	59537	59721	22700419	22700238	2.24e-49	206
query	3	79.333	300	59565	59860	6161347	6161642	8.07e-49	204
query	3	82.553	235	86527	86759	4281505	4281735	2.90e-48	202
query	3	82.083	240	86533	86771	21002014	21002250	2.90e-48	202
query	3	79.452	292	86521	86810	6754367	6754081	1.04e-47	200
query	3	71.192	906	34516	35406	7083754	7084644	1.04e-47	200
query	3	71.116	914	34516	35415	12257661	12256762	1.04e-47	200
query	3	80.597	268	59537	59803	14009727	14009988	1.04e-47	200
query	3	82.533	229	86516	86743	11382496	11382722	3.76e-47	198
query	3	89.241	158	86628	86784	15295237	15295394	1.35e-46	196
query	3	81.667	240	86533	86771	20840785	20841022	1.35e-46	196
query	3	79.856	278	59576	59850	26524857	26525129	1.35e-46	196
query	3	81.224	245	86526	86770	19584881	19585122	4.86e-46	195
query	3	84.848	198	45516	45710	24105409	24105214	4.86e-46	195
query	3	81.496	254	86513	86766	25139181	25139416	1.75e-45	193
query	3	78.221	326	59537	59849	9966173	9965854	6.29e-45	191
query	3	78.451	297	59566	59859	15636642	15636933	8.13e-44	187
query	3	84.656	189	86590	86777	24012804	24012991	8.13e-44	187
query	3	86.932	176	26974	27148	29233012	29233176	8.13e-44	187
query	3	79.412	272	59592	59860	15569415	15569682	2.92e-43	185
query	3	82.192	219	86533	86749	19948471	19948255	2.92e-43	185
query	3	79.693	261	59576	59834	15732795	15732538	1.05e-42	183
query	3	82.110	218	59573	59789	24724579	24724793	1.05e-42	183
query	3	91.045	134	86603	86736	13249012	13248879	3.78e-42	182
query	3	79.245	265	59603	59864	221028	220767	1.36e-41	180
query	3	83.085	201	45508	45707	8639994	8640189	4.89e-41	178
query	3	83.505	194	45508	45700	14089752	14089942	4.89e-41	178
query	3	75.668	374	34516	34884	14690265	14690633	4.89e-41	178
query	3	78.495	279	59558	59833	21692869	21693144	4.89e-41	178
query	3	85.143	175	86603	86776	29836834	29837008	4.89e-41	178
query	3	81.532	222	45916	46135	29243576	29243792	1.76e-40	176
query	3	79.545	264	45916	46175	29252810	29253064	1.76e-40	176
query	3	79.283	251	86533	86780	27717749	27717501	8.19e-39	171
query	3	80.822	219	86533	86750	7684956	7685172	2.95e-38	169
query	3	94.444	108	56321	56428	29241013	29241120	1.06e-37	167
query	3	89.922	129	86598	86726	318163	318290	3.81e-37	165
query	3	86.250	160	59558	59716	11138896	11138745	3.81e-37	165
query	3	82.632	190	86602	86788	14049031	14048843	3.81e-37	165
query	3	82.703	185	59580	59764	13688017	13687834	1.37e-36	163
query	3	78.309	272	86516	86783	19831622	19831883	1.37e-36	163
query	3	77.936	281	59537	59808	24111731	24112006	1.37e-36	163
query	3	79.237	236	86533	86766	9748253	9748484	1.77e-35	159
query	3	81.095	201	59610	59810	10062737	10062539	1.77e-35	159
query	3	80.693	202	45508	45706	4876593	4876787	3.84e-32	148
query	3	77.239	268	36301	36563	14434951	14434688	3.84e-32	148
query	3	78.539	219	86516	86732	15236570	15236788	1.79e-30	143
query	3	83.660	153	86610	86762	23955603	23955452	1.79e-30	143
query	3	94.565	92	7631	7722	29211048	29211135	2.31e-29	139
query	3	80.296	203	20214	20402	29222427	29222623	2.99e-28	135
query	3	79.188	197	59593	59789	3449247	3449054	1.07e-27	134
query	3	81.287	171	2242	2410	29205370	29205535	3.86e-27	132
query	3	77.253	233	86579	86804	5267008	5267234	6.47e-25	124
query	3	87.850	107	59585	59691	9828504	9828609	6.47e-25	124
query	3	77.612	201	41211	41408	15027601	15027412	1.81e-20	110
query	3	90.123	81	58367	58446	9324629	9324550	8.42e-19	104
query	3	79.866	149	19555	19701	8361306	8361164	3.03e-18	102
query	3	86.458	96	58366	58459	26494307	26494400	3.03e-18	102
query	3	79.832	119	19523	19640	3888813	3888925	1.42e-11	80.5
query	3	74.648	213	41172	41379	23711335	23711136	5.11e-11	78.7
query	3	95.652	46	75794	75839	11351647	11351602	6.60e-10	75.0
query	3	87.500	64	58366	58428	350389	350327	2.38e-09	73.1
query	3	95.349	43	60305	60347	11351644	11351602	3.07e-08	69.4
query	3	81.111	90	58366	58453	21550355	21550443	3.07e-08	69.4
query	12	79.553	4475	32171	36563	226276	221853	0.0	3072
query	12	73.446	1416	36716	38088	221605	220206	4.31e-131	477
query	12	85.816	282	86514	86795	9090395	9090116	3.60e-77	298
query	12	85.614	285	86521	86804	13484700	13484980	4.66e-76	294
query	12	85.926	270	86515	86784	1720160	1720429	2.17e-74	289
query	12	83.544	316	59537	59849	1314814	1314505	7.79e-74	287
query	12	84.459	296	86516	86804	2840756	2840463	1.01e-72	283
query	12	84.138	290	86516	86804	2842775	2843061	4.69e-71	278
query	12	85.944	249	86516	86763	2643166	2642919	3.65e-67	265
query	12	82.372	312	59537	59847	9090437	9090132	3.65e-67	265
query	12	84.444	270	86516	86784	11019662	11019393	3.65e-67	265
query	12	84.249	273	86514	86784	145473	145744	1.31e-66	263
query	12	82.166	314	59539	59849	2224052	2223744	1.31e-66	263
query	12	84.733	262	86516	86776	16487027	16487288	4.72e-66	261
query	12	82.492	297	59537	59832	14081983	14082274	2.20e-64	255
query	12	85.098	255	86514	86768	10552763	10553009	7.90e-64	254
query	12	83.984	256	86516	86771	2293514	2293263	1.71e-60	243
query	12	82.796	279	59571	59843	2840769	2840494	6.15e-60	241
query	12	83.650	263	86516	86769	2886430	2886171	7.96e-59	237
query	12	83.871	248	86514	86761	4748134	4748378	1.03e-57	233
query	12	81.690	284	59558	59841	14127745	14128025	1.03e-57	233
query	12	83.268	257	86516	86771	16498196	16497944	3.70e-57	231
query	12	83.806	247	86521	86767	10228465	10228702	1.72e-55	226
query	12	82.609	253	86533	86784	12262528	12262780	2.23e-54	222
query	12	81.455	275	86516	86788	10398015	10397745	8.02e-54	220
query	12	82.197	264	86516	86777	12291144	12291400	2.88e-53	219
query	12	81.369	263	86525	86784	1935385	1935643	6.24e-50	207
query	12	71.444	921	34516	35415	3149245	3148345	2.24e-49	206
query	12	71.257	915	34516	35415	4071305	4070406	2.24e-49	206
query	12	82.917	240	59534	59773	8779469	8779242	2.24e-49	206
query	12	81.423	253	86533	86784	15168973	15169222	8.07e-49	204
query	12	71.192	906	34516	35406	571084	571974	1.04e-47	200
query	12	80.072	276	59569	59843	1792775	1793046	1.04e-47	200
query	12	86.885	183	59537	59716	14528030	14527851	1.04e-47	200
query	12	88.095	168	86516	86681	9092119	9091954	1.35e-46	196
query	12	81.301	246	59537	59782	15300741	15300501	4.86e-46	195
query	12	92.593	135	86637	86771	9091959	9091826	1.75e-45	193
query	12	80.309	259	86516	86771	10517199	10516944	6.29e-45	191
query	12	79.775	267	59571	59836	11167899	11168155	1.05e-42	183
query	12	79.468	263	86525	86784	7958582	7958839	1.36e-41	180
query	12	78.832	274	86516	86788	15941320	15941056	1.76e-40	176
query	12	80.426	235	59602	59835	16350147	16349916	1.76e-40	176
query	12	79.297	256	86533	86787	11883454	11883705	6.33e-40	174
query	12	80.077	261	86516	86775	14998533	14998771	2.28e-39	172
query	12	85.714	161	86519	86679	14998950	14998792	2.95e-38	169
query	12	84.181	177	86601	86775	16488351	16488525	2.95e-38	169
query	12	77.273	308	59537	59843	12777018	12777306	1.37e-36	163
query	12	81.771	192	71290	71481	3797859	3798050	4.93e-36	161
query	12	84.404	109	86516	86624	13866951	13867059	6.51e-20	108
query	12	89.655	58	58370	58427	993960	993905	2.38e-09	73.1
query	1	79.321	4478	32170	36563	19873981	19878405	0.0	3013
query	1	79.080	4479	32170	36563	13868852	13864425	0.0	2955
query	1	80.142	2669	32972	35606	27601260	27598613	0.0	1941
query	1	73.482	1614	49237	50826	10993651	10995226	6.96e-154	553
query	1	73.483	1599	66566	68129	10993659	10995226	4.19e-151	544
query	1	73.483	1599	82899	84450	10993659	10995226	9.07e-148	532
query	1	76.333	938	35660	36563	27598605	27597683	5.61e-125	457
query	1	87.713	293	86514	86804	23849162	23848872	2.12e-89	339
query	1	87.629	291	86516	86804	19954356	19954068	2.74e-88	335
query	1	88.645	273	86514	86784	20997962	20997690	3.55e-87	331
query	1	86.159	289	86516	86802	21878755	21879041	1.66e-80	309
query	1	85.567	291	86527	86817	3272928	3273218	2.15e-79	305
query	1	85.862	290	86516	86804	14494364	14494651	2.15e-79	305
query	1	85.862	290	86516	86804	28229204	28229491	2.15e-79	305
query	1	87.891	256	86516	86771	9328198	9327943	2.78e-78	302
query	1	87.984	258	86514	86771	32058198	32057945	2.78e-78	302
query	1	88.000	250	86514	86763	1238157	1238406	1.29e-76	296
query	1	87.549	257	86521	86776	20381667	20381922	1.29e-76	296
query	1	88.163	245	86560	86804	2885476	2885232	1.67e-75	292
query	1	87.209	258	86520	86776	22948516	22948773	1.67e-75	292
query	1	87.903	248	86516	86763	7553121	7552875	6.02e-75	291
query	1	87.352	253	86516	86768	22262424	22262676	6.02e-75	291
query	1	86.641	262	86516	86776	1296730	1296991	2.17e-74	289
query	1	86.973	261	86514	86771	1524050	1523792	2.17e-74	289
query	1	87.352	253	86516	86768	16425752	16426003	2.17e-74	289
query	1	87.352	253	86516	86767	32605400	32605149	2.17e-74	289
query	1	86.364	264	86521	86783	4098033	4097772	2.80e-73	285
query	1	87.805	246	86523	86767	11171458	11171700	2.80e-73	285
query	1	87.059	255	86514	86767	15959546	15959798	2.80e-73	285
query	1	87.302	252	86516	86766	29360849	29360600	2.80e-73	285
query	1	86.957	253	86516	86768	15209109	15209360	1.01e-72	283
query	1	86.957	253	86516	86768	15796635	15796885	1.01e-72	283
query	1	84.965	286	86521	86804	13861006	13860728	3.63e-72	281
query	1	84.138	290	86516	86804	7606050	7606338	1.30e-71	279
query	1	86.328	256	86516	86771	8759108	8759363	1.30e-71	279
query	1	87.045	247	86525	86771	21159781	21159535	1.30e-71	279
query	1	75.857	642	35966	36563	24550280	24549646	1.30e-71	279
query	1	86.434	258	86516	86768	5068982	5069238	4.69e-71	278
query	1	84.138	290	86516	86804	17531315	17531601	4.69e-71	278
query	1	83.959	293	86514	86804	22572584	22572293	4.69e-71	278
query	1	85.185	270	86516	86784	16576711	16576443	1.69e-70	276
query	1	84.946	279	86521	86797	24440467	24440194	1.69e-70	276
query	1	85.938	256	86516	86771	8185340	8185085	6.07e-70	274
query	1	85.878	262	86518	86774	3359983	3360242	2.18e-69	272
query	1	86.328	256	86516	86767	4828569	4828318	2.18e-69	272
query	1	86.166	253	86520	86771	11109322	11109071	2.18e-69	272
query	1	85.659	258	86514	86771	18700344	18700087	2.18e-69	272
query	1	84.982	273	59576	59846	21878747	21879016	2.18e-69	272
query	1	85.075	268	86505	86771	2722535	2722270	7.85e-69	270
query	1	84.342	281	86516	86795	16882974	16883249	7.85e-69	270
query	1	87.554	233	86516	86748	30473228	30473460	7.85e-69	270
query	1	83.904	292	86516	86804	32032253	32031968	7.85e-69	270
query	1	84.043	282	86514	86794	1687561	1687285	1.02e-67	267
query	1	85.827	254	86516	86767	2362457	2362205	1.02e-67	267
query	1	84.906	265	86514	86777	10027902	10028165	1.02e-67	267
query	1	84.043	282	86514	86795	11712395	11712120	1.02e-67	267
query	1	86.920	237	86516	86752	3751227	3750992	3.65e-67	265
query	1	85.227	264	86516	86776	23980471	23980730	3.65e-67	265
query	1	83.562	292	86516	86804	26910450	26910734	3.65e-67	265
query	1	86.975	238	86516	86752	29250238	29250472	3.65e-67	265
query	1	84.559	272	86499	86768	30666644	30666912	3.65e-67	265
query	1	86.290	248	86521	86768	30921225	30921466	3.65e-67	265
query	1	86.364	242	86516	86757	9475733	9475494	1.31e-66	263
query	1	85.375	253	86516	86768	14435737	14435989	1.31e-66	263
query	1	84.559	272	86516	86784	17010947	17010681	1.31e-66	263
query	1	85.156	256	86521	86775	4169595	4169341	4.72e-66	261
query	1	85.375	253	86516	86768	8574486	8574737	4.72e-66	261
query	1	86.920	237	86527	86762	15204988	15204756	4.72e-66	261
query	1	85.657	251	86516	86765	15592325	15592573	4.72e-66	261
query	1	87.069	232	86538	86768	15805469	15805699	4.72e-66	261
query	1	86.864	236	86514	86747	25198808	25198574	4.72e-66	261
query	1	85.156	256	86516	86771	27933240	27932986	4.72e-66	261
query	1	86.383	235	86516	86750	1344071	1343837	6.11e-65	257
query	1	84.411	263	86516	86776	9268038	9267776	6.11e-65	257
query	1	81.346	327	59538	59861	20299696	20300015	6.11e-65	257
query	1	83.986	281	86516	86794	23093688	23093956	6.11e-65	257
query	1	83.883	273	86514	86784	33180139	33180409	6.11e-65	257
query	1	83.394	277	59571	59846	7606037	7606311	7.90e-64	254
query	1	84.733	262	86516	86776	8049891	8049638	7.90e-64	254
query	1	86.076	237	86516	86752	9718138	9718373	7.90e-64	254
query	1	85.366	246	86521	86766	30444749	30444506	7.90e-64	254
query	1	86.266	233	86516	86748	8645876	8646107	2.84e-63	252
query	1	81.935	310	59537	59843	15209064	15209365	2.84e-63	252
query	1	84.030	263	86516	86777	18640231	18640493	2.84e-63	252
query	1	85.020	247	86525	86771	17787789	17787544	1.02e-62	250
query	1	87.442	215	86516	86730	8561022	8560808	3.68e-62	248
query	1	81.494	308	59537	59843	9328243	9327941	3.68e-62	248
query	1	83.333	270	86516	86784	10484556	10484824	3.68e-62	248
query	1	86.667	225	86516	86740	10774393	10774170	3.68e-62	248
query	1	85.417	240	86523	86762	14383832	14384069	3.68e-62	248
query	1	83.154	279	86516	86788	27414628	27414904	3.68e-62	248
query	1	82.313	294	86514	86804	29145372	29145083	3.68e-62	248
query	1	80.793	328	59537	59860	6932792	6933111	1.32e-61	246
query	1	82.155	297	59539	59833	7553164	7552875	1.32e-61	246
query	1	85.185	243	59537	59778	2362502	2362265	4.76e-61	244
query	1	84.774	243	86521	86763	24248807	24249049	4.76e-61	244
query	1	82.935	293	86516	86793	31531201	31530915	4.76e-61	244
query	1	84.190	253	86516	86767	3500305	3500554	1.71e-60	243
query	1	80.952	315	59537	59849	16425707	16426015	1.71e-60	243
query	1	82.963	270	86516	86784	16829712	16829980	1.71e-60	243
query	1	88.614	202	86593	86793	22304993	22305191	1.71e-60	243
query	1	82.394	284	59555	59836	29680008	29680288	1.71e-60	243
query	1	86.161	224	86525	86748	17790373	17790595	6.15e-60	241
query	1	81.849	292	59572	59860	20997972	20997684	6.15e-60	241
query	1	82.909	275	86516	86788	29249917	29250186	6.15e-60	241
query	1	84.337	249	86516	86763	3881264	3881507	2.21e-59	239
query	1	81.518	303	59538	59836	32605444	32605150	2.21e-59	239
query	1	83.146	267	86516	86776	10896465	10896728	2.86e-58	235
query	1	82.955	264	86514	86776	17479836	17480097	2.86e-58	235
query	1	84.000	250	59541	59789	25275871	25276115	2.86e-58	235
query	1	84.490	245	86563	86804	30508567	30508327	2.86e-58	235
query	1	83.529	255	86516	86767	5741847	5742098	1.03e-57	233
query	1	82.463	268	86516	86782	13134139	13133873	1.03e-57	233
query	1	84.064	251	86521	86768	25988474	25988231	1.03e-57	233
query	1	83.465	254	86533	86784	11029191	11029441	3.70e-57	231
query	1	80.000	325	59539	59860	14435694	14436012	3.70e-57	231
query	1	84.082	245	86526	86770	19152853	19153090	1.33e-56	230
query	1	82.824	262	59527	59788	23503529	23503784	1.33e-56	230
query	1	86.473	207	86577	86783	4270250	4270044	4.79e-56	228
query	1	85.135	222	86516	86737	30921708	30921487	4.79e-56	228
query	1	82.482	274	86516	86776	27822963	27822692	1.72e-55	226
query	1	81.429	280	59571	59849	28229191	28229467	1.72e-55	226
query	1	82.129	263	86516	86776	6513742	6513480	6.20e-55	224
query	1	81.852	270	86516	86784	8572820	8572553	6.20e-55	224
query	1	81.955	266	86514	86777	331336	331599	2.23e-54	222
query	1	89.266	177	86578	86754	19208669	19208493	2.23e-54	222
query	1	81.387	274	59537	59810	13586026	13585757	8.02e-54	220
query	1	82.609	253	86525	86775	16785927	16785676	8.02e-54	220
query	1	86.567	201	86538	86737	18474019	18474219	8.02e-54	220
query	1	82.879	257	86533	86784	23841734	23841983	8.02e-54	220
query	1	80.702	285	59537	59820	1344116	1343837	1.04e-52	217
query	1	84.615	221	59558	59778	4149999	4149783	1.04e-52	217
query	1	71.507	916	34516	35415	16245042	16244142	1.04e-52	217
query	1	86.070	201	86521	86721	18176012	18175812	1.04e-52	217
query	1	81.111	270	86516	86784	751175	751443	3.73e-52	215
query	1	82.213	253	86533	86784	3709181	3709431	3.73e-52	215
query	1	81.749	263	86525	86784	6947234	6946975	3.73e-52	215
query	1	87.302	189	86617	86804	20883340	20883153	3.73e-52	215
query	1	79.421	311	59537	59846	22262379	22262685	3.73e-52	215
query	1	82.101	257	86514	86767	5332881	5333132	1.34e-51	213
query	1	81.509	265	86514	86774	11237494	11237232	1.34e-51	213
query	1	88.953	172	86602	86773	16576126	16575955	1.34e-51	213
query	1	82.283	254	59537	59789	24994262	24994508	1.34e-51	213
query	1	80.645	279	59556	59833	1238132	1238406	4.82e-51	211
query	1	81.609	261	86516	86775	18436689	18436945	4.82e-51	211
query	1	85.714	203	45508	45709	22801434	22801633	4.82e-51	211
query	1	81.041	269	59580	59846	4098042	4097778	1.74e-50	209
query	1	86.528	193	86516	86708	4149973	4149784	1.74e-50	209
query	1	80.882	272	86516	86784	16436703	16436971	1.74e-50	209
query	1	80.756	291	86520	86795	23169892	23169607	1.74e-50	209
query	1	82.377	244	86533	86774	9041048	9041288	6.24e-50	207
query	1	82.773	238	86516	86752	15567376	15567609	6.24e-50	207
query	1	81.569	255	86514	86767	31191415	31191666	6.24e-50	207
query	1	81.041	269	86516	86784	32199976	32200236	6.24e-50	207
query	1	86.957	184	86516	86699	7409383	7409201	2.24e-49	206
query	1	80.899	267	59571	59836	11171438	11171699	2.24e-49	206
query	1	81.890	254	86524	86776	17546886	17547130	2.24e-49	206
query	1	71.257	915	34516	35415	26134989	26134090	2.24e-49	206
query	1	80.916	262	86525	86784	14503806	14503549	2.90e-48	202
query	1	81.781	247	86533	86775	23070889	23071131	1.04e-47	200
query	1	81.538	260	86521	86777	27421268	27421022	1.04e-47	200
query	1	81.818	242	59537	59777	7334952	7334715	3.76e-47	198
query	1	82.251	231	86516	86745	11654426	11654198	1.35e-46	196
query	1	80.952	252	86525	86775	28322513	28322762	1.35e-46	196
query	1	80.784	255	59537	59789	23093640	23093890	4.86e-46	195
query	1	71.989	739	34516	35241	26884299	26883574	4.86e-46	195
query	1	79.853	273	86516	86784	4820336	4820068	1.75e-45	193
query	1	80.894	246	86533	86777	19097021	19096777	1.75e-45	193
query	1	80.392	255	86533	86784	4210490	4210740	8.13e-44	187
query	1	81.938	227	86516	86741	14562472	14562251	8.13e-44	187
query	1	81.116	233	86533	86763	25092906	25093136	1.05e-42	183
query	1	84.293	191	59601	59789	25988462	25988274	1.05e-42	183
query	1	80.408	245	86525	86766	21967098	21966857	3.78e-42	182
query	1	79.310	261	86525	86784	13477575	13477317	1.36e-41	180
query	1	86.164	159	86627	86784	2859492	2859334	8.19e-39	171
query	1	85.294	170	86602	86771	7295113	7294950	8.19e-39	171
query	1	79.592	245	86525	86767	14487018	14486777	8.19e-39	171
query	1	82.979	188	86514	86701	5001606	5001420	2.95e-38	169
query	1	82.234	197	86589	86784	7203817	7204011	1.06e-37	167
query	1	80.769	208	59580	59787	9076744	9076541	1.77e-35	159
query	1	92.035	113	86655	86767	14674979	14674867	1.77e-35	159
query	1	78.696	230	59604	59832	32858445	32858220	3.84e-32	148
query	1	81.053	190	86589	86777	18146474	18146289	1.38e-31	147
query	1	87.402	127	86648	86771	30266027	30265901	1.79e-30	143
query	1	85.827	127	45508	45634	14946719	14946594	1.07e-27	134
query	1	83.459	133	86653	86784	22220709	22220840	2.33e-24	122
query	1	80.000	175	59662	59833	22304994	22305163	2.33e-24	122
query	1	80.503	159	59632	59789	19208683	19208528	3.01e-23	119
query	1	86.813	91	86618	86707	6460799	6460709	1.09e-17	100
query	1	75.094	265	59580	59843	26398516	26398278	3.92e-17	99.0
query	1	79.688	128	86605	86731	23500295	23500169	6.56e-15	91.6
query	1	85.542	83	58366	58447	3491935	3492016	3.05e-13	86.1
query	1	86.420	81	58366	58444	16442225	16442146	3.05e-13	86.1
query	1	77.160	162	19982	20130	7072751	7072911	3.95e-12	82.4
query	1	74.359	234	41184	41412	19387131	19386913	3.95e-12	82.4
query	1	100.000	41	19984	20024	26944596	26944636	1.84e-10	76.8
query	1	95.556	45	80142	80186	23976007	23976051	2.38e-09	73.1
query	1	88.333	60	59654	59710	3640433	3640374	3.07e-08	69.4
query	1	79.245	106	59655	59757	14425943	14426045	3.07e-08	69.4
query	1	79.439	107	59655	59757	19284789	19284687	3.07e-08	69.4
query	1	79.245	106	59654	59757	26592494	26592393	3.07e-08	69.4
query	1	95.122	41	19986	20026	13656995	13656955	3.97e-07	65.8
query	1	78.505	107	59655	59757	17647215	17647113	1.43e-06	63.9
query	1	86.667	60	59654	59710	26865883	26865942	1.43e-06	63.9
query	10	79.222	4115	32173	36215	6964258	6960195	0.0	2748
query	10	73.795	1183	36763	37897	6474737	6475897	7.42e-109	403
query	10	86.527	334	86474	86804	418386	418715	4.53e-96	361
query	10	87.097	279	86516	86793	2883382	2883108	4.62e-81	311
query	10	84.395	314	59537	59849	15331484	15331793	7.74e-79	303
query	10	87.984	258	86512	86768	9070379	9070633	2.78e-78	302
query	10	88.235	255	86524	86776	11418001	11418253	2.78e-78	302
query	10	88.142	253	86516	86768	15501910	15502162	2.78e-78	302
query	10	88.048	251	86521	86771	14787536	14787286	3.60e-77	298
query	10	88.525	244	86516	86758	11588131	11587889	4.66e-76	294
query	10	86.296	270	86516	86784	8662981	8663249	1.67e-75	292
query	10	87.402	254	86516	86767	9486022	9485769	6.02e-75	291
query	10	85.926	270	86516	86784	8711266	8711534	7.79e-74	287
query	10	85.455	275	86523	86795	6495727	6495997	3.63e-72	281
query	10	86.154	260	86514	86773	10749572	10749313	3.63e-72	281
query	10	84.138	290	86516	86804	2853705	2853421	1.69e-70	276
query	10	82.263	327	59537	59861	8662936	8663256	1.69e-70	276
query	10	86.508	252	86516	86767	10238488	10238738	1.69e-70	276
query	10	85.938	256	86516	86771	724895	724640	6.07e-70	274
query	10	86.275	255	86514	86767	7973777	7973525	6.07e-70	274
query	10	82.692	312	59537	59846	13013984	13014289	7.85e-69	270
query	10	85.603	257	86516	86771	6374986	6374730	2.82e-68	268
query	10	85.771	253	86516	86768	10602274	10602526	2.82e-68	268
query	10	85.115	262	86516	86776	1330648	1330387	1.02e-67	267
query	10	85.328	259	86535	86793	10190459	10190204	3.65e-67	265
query	10	84.133	271	86516	86784	9537510	9537240	4.72e-66	261
query	10	85.098	255	86517	86771	10610732	10610478	4.72e-66	261
query	10	84.000	275	59558	59832	12164984	12165255	4.72e-66	261
query	10	84.328	268	59574	59841	13526011	13525746	4.72e-66	261
query	10	84.528	265	86516	86776	2880760	2880501	7.90e-64	254
query	10	82.492	297	86516	86804	712669	712374	2.84e-63	252
query	10	82.699	289	86516	86804	6721088	6721371	2.84e-63	252
query	10	83.895	267	86521	86786	8749034	8748771	2.84e-63	252
query	10	81.410	312	59537	59846	9070335	9070642	1.02e-62	250
query	10	86.522	230	86516	86744	11417691	11417918	1.02e-62	250
query	10	84.556	259	86516	86768	13017447	13017190	1.02e-62	250
query	10	85.020	247	86516	86762	13747768	13747523	1.02e-62	250
query	10	83.774	265	86521	86784	15331534	15331798	1.02e-62	250
query	10	84.127	252	86533	86784	188390	188639	1.71e-60	243
query	10	81.544	298	59540	59836	10749614	10749320	1.71e-60	243
query	10	83.984	256	86514	86768	10766724	10766977	1.71e-60	243
query	10	86.977	215	86523	86737	14577182	14577396	1.71e-60	243
query	10	80.952	315	59537	59849	11229307	11229001	6.15e-60	241
query	10	83.462	260	86516	86774	9481631	9481375	2.21e-59	239
query	10	80.696	316	59537	59848	277397	277088	7.96e-59	237
query	10	91.279	172	86577	86748	4975818	4975647	2.86e-58	235
query	10	83.806	247	86525	86771	9822561	9822315	2.86e-58	235
query	10	83.730	252	86514	86763	11242905	11242657	1.03e-57	233
query	10	85.845	219	86521	86738	15361994	15362212	3.70e-57	231
query	10	83.600	250	59593	59841	12766289	12766534	1.33e-56	230
query	10	84.362	243	35966	36196	6473835	6474077	4.79e-56	228
query	10	80.456	307	59558	59860	9486047	9485745	4.79e-56	228
query	10	85.321	218	86523	86740	2340714	2340497	1.72e-55	226
query	10	82.264	265	59569	59832	14787555	14787295	6.20e-55	224
query	10	79.935	309	59537	59843	6375030	6374728	8.02e-54	220
query	10	81.618	272	86514	86784	14840202	14840467	2.88e-53	219
query	10	88.333	180	86516	86695	1747789	1747610	1.04e-52	217
query	10	85.185	216	86516	86731	2386407	2386617	1.04e-52	217
query	10	71.475	915	34516	35415	2982844	2981945	1.04e-52	217
query	10	80.201	298	59537	59833	11242948	11242657	1.04e-52	217
query	10	82.213	253	86517	86768	1923605	1923854	3.73e-52	215
query	10	83.122	237	86516	86752	1843041	1843271	4.82e-51	211
query	10	84.141	227	86516	86740	9030524	9030309	6.24e-50	207
query	10	81.928	249	86525	86771	14226466	14226712	6.24e-50	207
query	10	81.928	249	86525	86771	9099552	9099307	2.24e-49	206
query	10	80.515	272	86514	86784	12381653	12381384	2.24e-49	206
query	10	81.673	251	59558	59807	14577149	14577396	2.24e-49	206
query	10	80.843	261	86525	86784	12256685	12256429	1.04e-47	200
query	10	88.304	171	59559	59727	1595211	1595376	3.76e-47	198
query	10	84.286	210	59538	59745	6271484	6271280	3.76e-47	198
query	10	81.395	258	86516	86771	14159273	14159518	3.76e-47	198
query	10	80.709	254	59537	59789	14199301	14199053	1.75e-45	193
query	10	71.344	841	33395	34221	6113821	6112996	6.29e-45	191
query	10	78.694	291	59560	59847	6495696	6495982	8.13e-44	187
query	10	87.578	161	86521	86680	6271435	6271276	2.92e-43	185
query	10	71.701	735	34516	35238	12141511	12142232	3.78e-42	182
query	10	85.549	173	45508	45680	4071382	4071552	1.36e-41	180
query	10	80.591	237	59537	59771	14693464	14693693	6.33e-40	174
query	10	79.283	251	86525	86774	11265920	11265672	2.28e-39	172
query	10	78.346	254	86533	86784	14672408	14672657	1.77e-35	159
query	10	78.776	245	59601	59843	1843635	1843396	6.38e-35	158
query	10	84.967	153	59567	59716	10358757	10358609	3.84e-32	148
query	10	81.183	186	86516	86699	15931845	15931664	4.96e-31	145
query	10	80.729	192	86580	86769	15931667	15931855	4.96e-31	145
query	10	81.034	174	36362	36534	6474240	6474412	8.31e-29	137
query	10	77.731	238	86526	86762	13565108	13565332	1.07e-27	134
query	10	81.707	164	21642	21793	2209819	2209658	6.47e-25	124
query	10	74.812	266	59571	59832	9481378	9481634	6.51e-20	108
query	7	72.886	1372	36759	38088	15468997	15470340	1.59e-110	409
query	7	88.514	296	28242	28535	6556821	6556528	2.11e-94	355
query	7	87.640	267	86526	86792	308155	307891	1.66e-80	309
query	7	87.833	263	86516	86776	2733805	2733543	5.98e-80	307
query	7	88.281	256	86516	86771	15760955	15760700	5.98e-80	307
query	7	87.037	270	86516	86784	4314239	4313971	7.74e-79	303
query	7	84.566	311	59539	59846	1671309	1671613	1.00e-77	300
query	7	87.405	262	86516	86775	11464706	11464966	3.60e-77	298
query	7	87.747	253	86516	86768	977349	977601	1.29e-76	296
query	7	87.747	253	86516	86768	2524522	2524773	4.66e-76	294
query	7	87.645	259	86516	86771	13029450	13029704	4.66e-76	294
query	7	87.698	252	86527	86777	12839166	12839416	1.67e-75	292
query	7	86.692	263	86523	86784	698056	698316	2.17e-74	289
query	7	85.017	287	86516	86802	14004649	14004366	2.17e-74	289
query	7	87.109	256	86516	86771	16370059	16370313	2.17e-74	289
query	7	85.305	279	86526	86804	10377260	10376983	7.79e-74	287
query	7	86.312	263	86516	86777	10427932	10428193	2.80e-73	285
query	7	84.642	293	86514	86804	12994552	12994839	2.80e-73	285
query	7	86.719	256	86516	86771	19387094	19386840	1.01e-72	283
query	7	87.149	249	86516	86764	5741312	5741559	3.63e-72	281
query	7	85.106	282	86516	86795	13563670	13563394	3.63e-72	281
query	7	85.821	268	86527	86792	17256841	17257105	1.30e-71	279
query	7	87.398	246	86516	86759	17997980	17997739	4.69e-71	278
query	7	85.185	270	86516	86784	2319880	2320149	1.69e-70	276
query	7	85.185	270	86516	86784	7718310	7718578	1.69e-70	276
query	7	85.036	274	86516	86788	14694446	14694175	1.69e-70	276
query	7	85.824	261	86516	86774	16449311	16449051	1.69e-70	276
query	7	86.111	252	86516	86767	2928793	2929044	2.18e-69	272
query	7	85.938	256	86514	86768	4243646	4243901	2.18e-69	272
query	7	84.871	271	86516	86784	5400471	5400741	2.18e-69	272
query	7	85.938	256	86516	86771	15007462	15007210	7.85e-69	270
query	7	83.505	291	86516	86804	18541006	18541292	1.02e-67	267
query	7	83.746	283	86514	86795	9682429	9682150	3.65e-67	265
query	7	82.278	316	59537	59849	15007507	15007201	1.31e-66	263
query	7	84.791	263	86516	86776	19223385	19223123	1.31e-66	263
query	7	81.402	328	59537	59861	4314284	4313964	1.70e-65	259
query	7	84.766	256	86516	86771	17420838	17421093	6.11e-65	257
query	7	84.411	263	86516	86776	1670842	1670581	2.20e-64	255
query	7	84.884	258	86520	86771	15850587	15850331	7.90e-64	254
query	7	86.087	230	86516	86745	3220090	3219861	3.68e-62	248
query	7	85.185	243	86516	86758	4168224	4167983	3.68e-62	248
query	7	83.395	271	59537	59807	9288266	9288532	3.68e-62	248
query	7	82.517	286	59558	59843	3062642	3062362	1.32e-61	246
query	7	81.728	301	59537	59836	5767512	5767807	1.32e-61	246
query	7	83.650	263	86516	86777	8372827	8372566	1.32e-61	246
query	7	75.655	534	37363	37883	4152961	4153481	1.71e-60	243
query	7	85.408	233	86516	86748	9288311	9288543	1.71e-60	243
query	7	82.963	270	86516	86784	12771249	12771516	6.15e-60	241
query	7	85.903	227	86521	86746	14304213	14304438	6.15e-60	241
query	7	89.062	192	86580	86771	9778055	9777864	2.21e-59	239
query	7	90.217	184	86623	86804	5474836	5474654	7.96e-59	237
query	7	80.696	316	59537	59849	14694491	14694182	7.96e-59	237
query	7	83.077	260	86514	86771	2620533	2620791	1.03e-57	233
query	7	83.268	257	86516	86771	3411821	3411569	3.70e-57	231
query	7	80.645	310	59539	59847	13803314	13803014	3.70e-57	231
query	7	80.795	302	59537	59836	18848660	18848955	1.33e-56	230
query	7	84.016	244	86522	86763	1744967	1744729	4.79e-56	228
query	7	80.731	301	59537	59836	1781674	1781380	4.79e-56	228
query	7	81.919	271	86516	86784	7925601	7925871	4.79e-56	228
query	7	80.063	316	59537	59849	13780228	13779920	1.72e-55	226
query	7	71.634	906	34516	35406	4752772	4753659	2.88e-53	219
query	7	72.554	736	34516	35238	5520662	5521386	2.88e-53	219
query	7	79.573	328	59537	59861	12839117	12839429	2.88e-53	219
query	7	80.066	301	59537	59834	9314741	9315036	1.04e-52	217
query	7	80.272	294	59558	59849	15760981	15760691	1.04e-52	217
query	7	85.714	203	86534	86736	1321909	1321708	1.34e-51	213
query	7	81.679	262	86525	86784	14710523	14710265	1.34e-51	213
query	7	81.132	265	86521	86784	3296541	3296803	1.74e-50	209
query	7	81.298	262	86525	86784	16791760	16791502	6.24e-50	207
query	7	80.515	272	86514	86784	4461766	4462035	2.24e-49	206
query	7	79.412	306	59537	59836	3230233	3229936	8.07e-49	204
query	7	80.515	272	86516	86784	15751120	15751389	8.07e-49	204
query	7	81.349	252	86535	86784	7543131	7542884	1.04e-47	200
query	7	78.594	313	59537	59847	1478281	1477987	2.26e-44	189
query	7	84.817	191	45504	45693	10457221	10457409	2.26e-44	189
query	7	79.577	284	86514	86783	854410	854689	8.13e-44	187
query	7	80.156	257	86514	86766	14833575	14833320	8.13e-44	187
query	7	80.315	254	86533	86784	15791302	15791551	8.13e-44	187
query	7	83.756	197	86516	86711	15748080	15747885	2.92e-43	185
query	7	80.000	250	86536	86784	15110255	15110501	3.78e-42	182
query	7	81.651	218	86535	86750	8997963	8997748	4.89e-41	178
query	7	80.591	237	86525	86760	13757223	13757453	1.76e-40	176
query	7	81.364	220	86533	86750	12347443	12347659	6.33e-40	174
query	7	78.824	255	59583	59836	1304811	1304562	1.06e-37	167
query	7	77.863	262	86514	86771	15191738	15191994	8.25e-34	154
query	7	77.133	293	59553	59836	16565057	16565340	8.25e-34	154
query	7	73.154	447	34516	34956	3001658	3001218	1.07e-32	150
query	7	83.030	165	45503	45667	1294852	1295011	4.96e-31	145
query	7	79.070	215	59558	59771	3331354	3331144	1.79e-30	143
query	7	79.808	208	45505	45710	13996074	13996271	6.42e-30	141
query	7	74.390	328	26462	26787	6560225	6559912	1.80e-25	126
query	7	76.078	255	86521	86771	8418772	8418522	1.80e-25	126
query	7	85.484	124	86651	86771	14625367	14625489	1.80e-25	126
query	7	75.421	297	59570	59862	18757735	18757457	6.47e-25	124
query	7	78.191	188	34516	34701	7533793	7533978	1.08e-22	117
query	7	86.047	86	86516	86600	5544678	5544594	6.56e-15	91.6
query	7	87.342	79	41316	41392	681825	681901	8.48e-14	87.9
query	7	86.076	79	58366	58443	6071755	6071678	1.10e-12	84.2
query	7	77.483	151	45549	45695	15507141	15507285	3.95e-12	82.4
query	7	77.564	156	19987	20130	18537811	18537657	3.95e-12	82.4
query	7	83.333	78	58370	58446	4145012	4144936	8.54e-09	71.3
query	7	78.704	108	59654	59757	16578521	16578418	3.97e-07	65.8
query	7	97.297	37	19989	20025	8951400	8951364	1.43e-06	63.9
query	11	87.077	325	59537	59860	3592385	3592065	1.26e-96	363
query	11	85.809	303	86514	86815	2332493	2332197	3.57e-82	315
query	11	87.984	258	86514	86771	1182878	1182621	2.15e-79	305
query	11	85.567	291	86516	86804	10676281	10675994	1.00e-77	300
query	11	85.915	284	86514	86795	9500078	9499801	1.29e-76	296
query	11	87.500	256	86516	86771	8185209	8185461	1.67e-75	292
query	11	85.409	281	86516	86795	8444982	8445258	7.79e-74	287
query	11	85.053	281	86527	86804	11402164	11401886	3.63e-72	281
query	11	86.561	253	86516	86768	12709738	12709990	1.30e-71	279
query	11	84.912	285	86512	86795	14056832	14057107	1.30e-71	279
query	11	87.866	239	86514	86750	2370010	2369774	4.69e-71	278
query	11	86.800	250	86520	86768	5769422	5769668	1.69e-70	276
query	11	86.400	250	86521	86768	12555199	12555445	2.82e-68	268
query	11	85.496	262	86514	86768	335874	336134	1.02e-67	267
query	11	85.385	260	86516	86774	10771957	10772213	1.02e-67	267
query	11	85.115	262	86516	86777	11432988	11433247	1.02e-67	267
query	11	82.524	309	59537	59843	1182921	1182619	3.65e-67	265
query	11	85.547	256	86514	86768	14945171	14945423	3.65e-67	265
query	11	86.420	243	86525	86767	13623233	13622994	1.31e-66	263
query	11	85.271	258	86514	86769	14232524	14232268	1.31e-66	263
query	11	84.884	258	86514	86771	12108275	12108018	4.72e-66	261
query	11	86.975	238	86516	86748	12142564	12142799	4.72e-66	261
query	11	85.317	252	86525	86776	12543522	12543271	4.72e-66	261
query	11	85.375	253	86516	86768	14365122	14365370	1.70e-65	259
query	11	85.098	255	86521	86774	15102608	15102862	1.70e-65	259
query	11	84.151	265	86521	86784	179567	179831	2.20e-64	255
query	11	81.040	327	59537	59861	179517	179838	7.90e-64	254
query	11	84.375	256	86516	86771	11848845	11848590	2.84e-63	252
query	11	84.585	253	86516	86767	7067301	7067049	1.02e-62	250
query	11	80.851	329	59537	59861	16450074	16450397	1.02e-62	250
query	11	86.404	228	86514	86740	2381825	2382052	3.68e-62	248
query	11	84.170	259	86511	86767	4940070	4939814	3.68e-62	248
query	11	84.677	248	86516	86763	6278149	6278396	3.68e-62	248
query	11	80.793	328	59537	59861	9500121	9499802	1.32e-61	246
query	11	81.410	312	59538	59846	15426989	15427293	1.32e-61	246
query	11	84.190	253	86523	86774	10960694	10960444	1.71e-60	243
query	11	86.222	225	86539	86762	12732200	12732423	1.71e-60	243
query	11	84.711	242	86521	86762	652306	652546	6.15e-60	241
query	11	84.898	245	86516	86760	3026623	3026386	6.15e-60	241
query	11	87.143	210	86516	86725	11934113	11933904	2.21e-59	239
query	11	84.047	257	86516	86771	12498172	12497924	2.21e-59	239
query	11	84.211	247	86516	86762	13531573	13531328	2.21e-59	239
query	11	81.063	301	59562	59861	11432966	11433261	2.86e-58	235
query	11	83.465	254	86516	86767	13796686	13796937	1.03e-57	233
query	11	83.399	253	59537	59789	13465366	13465614	3.70e-57	231
query	11	83.333	264	86516	86776	15468075	15468328	3.70e-57	231
query	11	81.533	287	59537	59820	2370053	2369774	4.79e-56	228
query	11	83.004	253	59537	59789	759908	759660	1.72e-55	226
query	11	80.399	301	59539	59836	7067344	7067050	8.02e-54	220
query	11	81.550	271	86516	86784	11764696	11764428	8.02e-54	220
query	11	82.609	253	59537	59789	11934158	11933910	8.02e-54	220
query	11	81.387	274	59537	59810	12984699	12984431	2.88e-53	219
query	11	86.275	204	45508	45710	7412589	7412788	1.04e-52	217
query	11	80.198	303	59537	59836	13623287	13622995	3.73e-52	215
query	11	81.783	258	86516	86773	14110746	14111002	3.73e-52	215
query	11	83.621	232	86516	86745	123219	123447	1.34e-51	213
query	11	80.263	304	86471	86761	12061889	12062188	1.34e-51	213
query	11	78.916	332	59537	59863	17174737	17175060	1.34e-51	213
query	11	81.369	263	86525	86784	1692580	1692320	1.74e-50	209
query	11	81.818	253	86533	86784	1913331	1913581	1.74e-50	209
query	11	79.863	293	86514	86804	3513712	3513999	6.24e-50	207
query	11	81.298	262	86525	86784	16493597	16493341	2.24e-49	206
query	11	72.283	736	34516	35238	12206919	12207639	8.07e-49	204
query	11	72.283	736	34516	35238	12220115	12220835	8.07e-49	204
query	11	85.938	192	86514	86705	14994098	14993909	8.07e-49	204
query	11	71.192	906	34516	35406	3111418	3112308	1.04e-47	200
query	11	81.028	253	86533	86784	12194258	12194008	3.76e-47	198
query	11	80.952	252	86511	86761	1178846	1179095	1.35e-46	196
query	11	83.036	224	86565	86784	2252430	2252650	1.35e-46	196
query	11	71.913	737	34516	35241	903316	902591	4.86e-46	195
query	11	85.792	183	86516	86698	765943	766123	1.75e-45	193
query	11	79.779	272	59537	59807	6278104	6278370	1.75e-45	193
query	11	80.709	254	86533	86784	10816512	10816762	1.75e-45	193
query	11	80.075	266	59573	59836	12577905	12578167	1.75e-45	193
query	11	81.624	234	59559	59789	13298875	13299105	2.26e-44	189
query	11	80.833	240	86525	86763	11327246	11327008	8.13e-44	187
query	11	82.775	209	86533	86739	12301160	12300954	1.05e-42	183
query	11	80.000	260	86517	86771	1184741	1184992	1.36e-41	180
query	11	81.304	230	59540	59767	765901	766123	4.89e-41	178
query	11	77.703	296	59560	59846	335852	336143	2.95e-38	169
query	11	79.087	263	86516	86777	4841742	4841500	4.93e-36	161
query	11	70.383	915	34516	35415	5595125	5594226	4.93e-36	161
query	11	76.923	286	86502	86784	9326222	9326501	8.25e-34	154
query	11	84.076	157	86514	86670	1757088	1756932	2.97e-33	152
query	11	84.768	151	86521	86668	15463151	15463296	4.96e-31	145
query	11	81.871	171	86535	86704	11455932	11455763	1.79e-30	143
query	11	86.458	96	58335	58429	17479867	17479773	8.42e-19	104
query	11	84.706	85	41322	41406	2658368	2658451	1.10e-12	84.2
query	11	94.000	50	75790	75839	5829693	5829645	6.60e-10	75.0
query	11	92.000	50	60298	60347	5829693	5829645	3.07e-08	69.4
query	11	87.719	57	41335	41391	2698342	2698398	1.11e-07	67.6
query	4	87.973	291	86516	86804	15869104	15869393	5.90e-90	340
query	4	90.551	254	86516	86769	12965786	12965534	2.74e-88	335
query	4	90.551	254	86516	86769	12975017	12974765	2.74e-88	335
query	4	90.119	253	86516	86768	9440672	9440924	1.28e-86	329
query	4	87.879	264	86521	86784	12171356	12171093	4.62e-81	311
query	4	86.742	264	86521	86784	12052413	12052676	4.66e-76	294
query	4	87.023	262	86516	86776	20054080	20053819	4.66e-76	294
query	4	89.270	233	86516	86748	8716457	8716688	6.02e-75	291
query	4	87.698	252	86512	86762	9780258	9780010	6.02e-75	291
query	4	86.466	266	86520	86784	18827065	18827330	6.02e-75	291
query	4	85.409	281	86516	86795	629508	629784	7.79e-74	287
query	4	87.149	249	86525	86773	15477151	15476903	1.01e-72	283
query	4	87.398	246	86521	86766	20628944	20629189	1.01e-72	283
query	4	86.561	253	86516	86768	8129151	8129403	1.30e-71	279
query	4	85.240	271	86516	86784	14583790	14584058	1.69e-70	276
query	4	84.892	278	86516	86792	15834845	15835118	1.69e-70	276
query	4	84.397	282	86516	86795	2524657	2524380	2.18e-69	272
query	4	85.551	263	86516	86776	15918412	15918152	2.18e-69	272
query	4	84.266	286	86520	86802	19128653	19128373	2.18e-69	272
query	4	85.714	259	86516	86772	15058657	15058913	7.85e-69	270
query	4	85.659	258	86516	86773	5798788	5798534	2.82e-68	268
query	4	85.496	262	86516	86775	14965314	14965572	2.82e-68	268
query	4	85.603	257	86514	86768	18328625	18328371	1.02e-67	267
query	4	85.944	249	86514	86762	6218919	6219166	3.65e-67	265
query	4	85.603	257	86516	86768	9177893	9177638	3.65e-67	265
query	4	85.714	252	86525	86774	11199273	11199022	3.65e-67	265
query	4	85.375	253	86516	86768	7978958	7979210	1.31e-66	263
query	4	87.124	233	86516	86748	9093757	9093988	1.31e-66	263
query	4	86.475	244	86528	86767	10227034	10226795	4.72e-66	261
query	4	85.887	248	86514	86759	16902805	16903050	4.72e-66	261
query	4	81.402	328	59537	59861	8175668	8175989	1.70e-65	259
query	4	84.884	258	86517	86774	15282130	15281875	1.70e-65	259
query	4	81.346	327	59537	59860	9440627	9440947	6.11e-65	257
query	4	83.824	272	86516	86786	7460311	7460042	2.20e-64	255
query	4	84.706	255	86514	86768	1413617	1413869	7.90e-64	254
query	4	84.151	265	86521	86784	2185259	2185521	7.90e-64	254
query	4	82.594	293	59558	59849	11381318	11381030	7.90e-64	254
query	4	83.571	280	86518	86788	2129064	2129340	2.84e-63	252
query	4	82.699	289	59556	59843	5676080	5676364	2.84e-63	252
query	4	83.908	261	86516	86774	20839375	20839634	1.32e-61	246
query	4	84.898	245	86525	86768	2101486	2101244	4.76e-61	244
query	4	84.252	254	86516	86768	16174810	16174560	4.76e-61	244
query	4	84.190	253	86516	86767	21724550	21724800	1.71e-60	243
query	4	83.396	265	86516	86777	8714426	8714687	6.15e-60	241
query	4	82.721	272	59574	59845	18037711	18037442	6.15e-60	241
query	4	85.470	234	86503	86735	20425970	20425739	6.15e-60	241
query	4	81.169	308	59542	59846	629467	629768	2.21e-59	239
query	4	85.714	231	86527	86754	13169626	13169398	2.21e-59	239
query	4	82.545	275	86518	86789	583033	583305	7.96e-59	237
query	4	82.721	272	86514	86783	12798220	12798487	7.96e-59	237
query	4	83.658	257	86529	86778	10132227	10132482	2.86e-58	235
query	4	82.545	275	59537	59810	14101312	14101044	2.86e-58	235
query	4	83.206	262	86535	86795	7431861	7431606	1.03e-57	233
query	4	83.268	257	86516	86771	7916651	7916397	1.03e-57	233
query	4	83.465	254	86533	86784	1771034	1770785	3.70e-57	231
query	4	87.500	200	86538	86737	3298577	3298776	3.70e-57	231
query	4	81.443	291	86525	86813	16107323	16107038	3.70e-57	231
query	4	82.812	256	86516	86769	5635854	5636107	1.72e-55	226
query	4	80.858	303	59537	59836	15477197	15476910	2.23e-54	222
query	4	80.690	290	59560	59847	12171384	12171100	2.88e-53	219
query	4	86.207	203	45508	45710	2707628	2707430	1.04e-52	217
query	4	85.377	212	59558	59768	11650520	11650729	1.04e-52	217
query	4	86.139	202	86527	86728	11906398	11906598	1.04e-52	217
query	4	81.159	276	59537	59810	19050714	19050446	1.34e-51	213
query	4	81.890	254	86533	86784	11517403	11517154	1.74e-50	209
query	4	81.992	261	86516	86774	11727456	11727703	6.24e-50	207
query	4	81.423	253	86533	86784	2049607	2049357	8.07e-49	204
query	4	85.354	198	86514	86710	17305738	17305934	8.07e-49	204
query	4	80.843	261	86516	86773	18221515	18221774	2.90e-48	202
query	4	71.460	911	34516	35406	18633472	18634359	2.90e-48	202
query	4	81.818	253	86533	86774	2095098	2094849	1.04e-47	200
query	4	84.653	202	45509	45710	2705604	2705405	1.04e-47	200
query	4	81.028	253	86520	86771	5999643	5999392	1.04e-47	200
query	4	81.526	249	86525	86771	13639517	13639274	3.76e-47	198
query	4	79.927	274	59559	59831	17564090	17563820	3.76e-47	198
query	4	81.633	245	86533	86775	15337898	15338136	1.35e-46	196
query	4	81.048	248	86525	86771	19507045	19507291	1.35e-46	196
query	4	79.225	284	59557	59836	18062556	18062832	8.13e-44	187
query	4	70.861	906	34516	35406	5558449	5559339	1.05e-42	183
query	4	81.197	234	59576	59807	9093749	9093977	3.78e-42	182
query	4	83.000	200	86589	86787	4396069	4395872	4.89e-41	178
query	4	70.824	922	34516	35415	10085063	10084157	4.89e-41	178
query	4	79.389	262	86514	86774	9704174	9704415	3.81e-37	165
query	4	79.528	254	86516	86769	11081435	11081670	3.81e-37	165
query	4	90.164	122	86647	86768	5911293	5911414	1.77e-35	159
query	4	77.119	236	59602	59836	10227026	10226796	3.86e-27	132
query	4	80.503	159	45540	45695	3201718	3201564	3.89e-22	115
query	4	89.535	86	45509	45594	2707237	2707153	6.51e-20	108
query	4	88.889	63	58366	58427	3983630	3983691	1.84e-10	76.8
query	2	87.241	290	86516	86803	16292392	16292107	1.65e-85	326
query	2	88.976	254	86516	86768	8659079	8659332	1.29e-81	313
query	2	88.976	254	86516	86767	5965689	5965438	4.62e-81	311
query	2	88.538	253	86516	86768	16783839	16784091	5.98e-80	307
query	2	85.862	290	86516	86804	17751425	17751713	5.98e-80	307
query	2	86.691	278	86529	86804	26902205	26902481	2.15e-79	305
query	2	87.692	260	86512	86771	26540929	26540672	2.78e-78	302
query	2	85.223	291	86516	86804	6058324	6058609	1.67e-75	292
query	2	87.747	253	86516	86768	10029918	10030166	1.67e-75	292
query	2	86.415	265	86514	86776	20500869	20501133	2.17e-74	289
query	2	87.352	253	86516	86768	19565745	19565994	7.79e-74	287
query	2	87.500	248	86514	86761	22011863	22011616	7.79e-74	287
query	2	85.409	281	86527	86804	20630825	20631101	2.80e-73	285
query	2	84.722	288	86516	86802	1448919	1449202	1.01e-72	283
query	2	86.905	252	86520	86771	3501373	3501122	1.01e-72	283
query	2	85.053	281	86516	86795	745311	745035	3.63e-72	281
query	2	87.097	248	86516	86763	4003237	4003484	3.63e-72	281
query	2	85.348	273	86516	86788	12403181	12403451	3.63e-72	281
query	2	86.905	252	86516	86767	20889632	20889382	3.63e-72	281
query	2	86.381	257	86516	86771	14958575	14958320	1.30e-71	279
query	2	86.508	252	86520	86771	3605738	3605989	4.69e-71	278
query	2	85.348	273	86525	86795	6903067	6902798	4.69e-71	278
query	2	85.660	265	86514	86777	21915629	21915892	4.69e-71	278
query	2	82.317	328	59537	59861	3501421	3501101	1.69e-70	276
query	2	86.154	260	86516	86771	16800484	16800226	1.69e-70	276
query	2	84.138	290	86516	86804	17114997	17115281	1.69e-70	276
query	2	86.381	257	86516	86768	4650646	4650395	2.18e-69	272
query	2	86.166	253	86516	86766	8665014	8664764	7.85e-69	270
query	2	83.849	291	86516	86804	13108680	13108965	7.85e-69	270
query	2	86.111	252	86516	86766	7891243	7890995	2.82e-68	268
query	2	86.640	247	86514	86759	23034996	23035238	2.82e-68	268
query	2	85.944	249	86514	86762	8264427	8264675	1.02e-67	267
query	2	82.484	314	59537	59846	8659034	8659341	1.02e-67	267
query	2	84.848	264	86516	86777	21983279	21983542	3.65e-67	265
query	2	85.944	249	86516	86764	9595321	9595565	1.31e-66	263
query	2	87.719	228	86521	86748	12222391	12222167	1.31e-66	263
query	2	84.000	275	86514	86784	24448864	24449138	4.72e-66	261
query	2	84.942	259	86514	86771	26696756	26697014	4.72e-66	261
query	2	84.884	258	86516	86772	2351718	2351974	1.70e-65	259
query	2	85.328	259	86523	86774	3270580	3270325	1.70e-65	259
query	2	82.075	318	59540	59849	4352411	4352720	6.11e-65	257
query	2	86.695	233	86516	86748	4861113	4861344	6.11e-65	257
query	2	83.392	283	86523	86804	12248197	12248475	6.11e-65	257
query	2	84.884	258	86516	86771	22551753	22552008	6.11e-65	257
query	2	84.980	253	86516	86767	16888300	16888049	2.20e-64	255
query	2	82.550	298	59548	59841	19723305	19723598	2.20e-64	255
query	2	84.706	255	86514	86767	14100829	14100576	7.90e-64	254
query	2	84.496	258	86516	86773	19415497	19415242	7.90e-64	254
query	2	83.704	270	86516	86784	4465036	4465303	2.84e-63	252
query	2	84.496	258	86516	86771	327368	327114	1.02e-62	250
query	2	83.908	261	59572	59832	20630802	20631060	3.68e-62	248
query	2	83.094	278	86516	86793	25641225	25640954	3.68e-62	248
query	2	87.678	211	86558	86768	26129190	26129400	1.32e-61	246
query	2	84.739	249	86516	86762	4441688	4441932	4.76e-61	244
query	2	87.037	216	86516	86731	7992771	7992986	4.76e-61	244
query	2	83.922	255	86516	86770	8144867	8144613	4.76e-61	244
query	2	83.212	274	59537	59810	12222441	12222175	4.76e-61	244
query	2	83.032	277	86523	86795	3607426	3607697	1.71e-60	243
query	2	84.615	247	86525	86771	20968144	20967901	1.71e-60	243
query	2	80.488	328	59537	59861	23367970	23368291	1.71e-60	243
query	2	82.963	270	86516	86784	26493516	26493784	1.71e-60	243
query	2	83.922	255	86517	86771	21653520	21653771	6.15e-60	241
query	2	81.395	301	59537	59836	12403136	12403430	2.21e-59	239
query	2	83.871	248	86516	86763	4305824	4305577	7.96e-59	237
query	2	90.857	175	86597	86771	3153028	3152856	1.03e-57	233
query	2	82.131	291	86514	86802	17788106	17787831	1.03e-57	233
query	2	81.145	297	59539	59833	4003194	4003484	3.70e-57	231
query	2	83.071	254	86533	86784	20149013	20148762	4.79e-56	228
query	2	88.360	189	86578	86766	21064281	21064468	1.72e-55	226
query	2	80.756	291	59571	59860	14958588	14958300	6.20e-55	224
query	2	81.955	266	59571	59836	7891256	7890995	2.23e-54	222
query	2	89.714	175	86598	86771	16572421	16572594	2.23e-54	222
query	2	82.520	246	86527	86770	14080681	14080437	1.34e-51	213
query	2	71.350	904	34516	35406	26275377	26276267	4.82e-51	211
query	2	71.303	913	34516	35415	8631270	8630373	1.74e-50	209
query	2	81.818	253	86533	86784	8982061	8982311	1.74e-50	209
query	2	81.818	253	86533	86784	18719539	18719289	1.74e-50	209
query	2	85.859	198	86516	86712	4889665	4889471	6.24e-50	207
query	2	81.783	258	86525	86777	16142128	16141876	6.24e-50	207
query	2	83.929	224	86529	86748	22277041	22277260	6.24e-50	207
query	2	81.648	267	86516	86780	6334015	6333765	2.24e-49	206
query	2	71.302	906	34516	35406	7128158	7129048	2.24e-49	206
query	2	84.332	217	86516	86729	8658446	8658234	2.24e-49	206
query	2	81.928	249	86525	86771	12576785	12576541	2.24e-49	206
query	2	82.041	245	86516	86758	14515305	14515063	2.24e-49	206
query	2	71.257	915	34516	35415	20952866	20951967	2.24e-49	206
query	2	78.738	301	86514	86813	7143904	7143605	1.04e-47	200
query	2	79.787	282	59558	59836	19478786	19478508	1.04e-47	200
query	2	86.667	180	59537	59716	21050760	21050937	3.76e-47	198
query	2	78.571	308	59545	59849	21915594	21915894	4.86e-46	195
query	2	80.620	258	86516	86771	5693181	5692930	1.75e-45	193
query	2	80.916	262	86525	86784	21806762	21807007	6.29e-45	191
query	2	81.702	235	21619	21850	27003493	27003725	6.29e-45	191
query	2	79.137	278	59572	59849	18880919	18880646	2.26e-44	189
query	2	71.035	908	34516	35406	23880975	23881865	2.26e-44	189
query	2	80.156	257	86516	86771	14708282	14708533	8.13e-44	187
query	2	79.771	262	86525	86784	18040944	18040685	8.13e-44	187
query	2	92.126	127	86638	86764	22378250	22378376	1.36e-41	180
query	2	81.860	215	86516	86728	25042619	25042831	4.89e-41	178
query	2	70.608	905	34516	35406	19451689	19452580	2.28e-39	172
query	2	85.207	169	86580	86748	23380184	23380017	2.28e-39	172
query	2	86.076	158	59560	59716	24304939	24305095	2.95e-38	169
query	2	79.184	245	86529	86771	8048890	8048647	1.06e-37	167
query	2	83.799	179	86628	86804	14405918	14406095	1.06e-37	167
query	2	79.184	245	59593	59836	20291387	20291146	1.06e-37	167
query	2	78.947	247	86541	86784	21943679	21943435	1.37e-36	163
query	2	88.806	134	59558	59691	26128973	26129105	1.37e-36	163
query	2	80.095	211	59626	59836	26129190	26129398	2.29e-34	156
query	2	78.661	239	86535	86771	18389091	18388856	8.25e-34	154
query	2	79.621	211	86533	86742	2542420	2542216	4.96e-31	145
query	2	77.824	239	59625	59861	5915095	5915327	6.42e-30	141
query	2	76.800	250	59593	59841	21601518	21601273	2.99e-28	135
query	2	81.707	164	86589	86750	7729020	7729181	1.07e-27	134
query	2	85.246	122	86652	86772	2195198	2195318	6.47e-25	124
query	2	74.426	305	59540	59841	14065678	14065390	1.40e-21	113
query	2	90.244	82	58366	58446	5300514	5300434	2.34e-19	106
query	2	82.857	105	52853	52956	14573000	14573103	1.82e-15	93.5
query	2	75.543	184	86516	86697	3603876	3604056	3.05e-13	86.1
query	2	89.394	66	59626	59691	26129115	26129180	1.10e-12	84.2
query	2	72.491	269	86520	86784	9764221	9764480	6.60e-10	75.0
query	2	93.878	49	86516	86564	13760322	13760274	6.60e-10	75.0
query	2	83.750	80	58366	58444	22104891	22104969	6.60e-10	75.0
query	2	93.878	49	19591	19638	12110746	12110698	2.38e-09	73.1
query	2	72.764	246	59601	59839	23006485	23006247	8.54e-09	71.3
query	2	93.478	46	75794	75839	6219844	6219889	3.07e-08	69.4
query	2	83.117	77	60302	60376	6219844	6219918	1.11e-07	67.6
query	5	84.498	329	86477	86804	9102341	9102665	7.68e-84	320
query	5	88.933	253	86516	86768	18713803	18714055	1.29e-81	313
query	5	88.492	252	86516	86767	1623943	1623692	2.15e-79	305
query	5	85.911	291	86516	86804	7580172	7580459	2.15e-79	305
query	5	88.142	253	86516	86768	13947247	13946995	2.78e-78	302
query	5	85.517	290	86516	86804	1777372	1777659	1.00e-77	300
query	5	87.500	256	86516	86771	4011910	4012164	4.66e-76	294
query	5	86.347	271	86514	86784	9566927	9566659	4.66e-76	294
query	5	86.792	265	86514	86777	14963270	14963533	4.66e-76	294
query	5	87.109	256	86516	86771	6809122	6808867	6.02e-75	291
query	5	86.692	263	86516	86777	10698494	10698232	6.02e-75	291
query	5	87.302	252	86516	86767	17866429	17866680	2.17e-74	289
query	5	86.364	264	86514	86776	6094409	6094671	7.79e-74	287
query	5	86.154	260	86517	86775	16329841	16329583	1.30e-71	279
query	5	84.982	273	59571	59843	1597977	1598246	6.07e-70	274
query	5	85.769	260	86516	86774	11149175	11149434	6.07e-70	274
query	5	86.220	254	86521	86773	3912196	3912447	2.18e-69	272
query	5	84.397	282	59537	59816	16435544	16435268	7.85e-69	270
query	5	85.227	264	86514	86776	20184775	20184513	7.85e-69	270
query	5	86.179	246	86523	86768	9942445	9942690	1.02e-67	267
query	5	85.115	262	86516	86776	19696065	19696325	1.02e-67	267
query	5	82.468	308	59537	59843	17758294	17758596	3.65e-67	265
query	5	85.271	258	86516	86771	19317463	19317207	1.31e-66	263
query	5	84.528	265	86516	86779	3454749	3455012	4.72e-66	261
query	5	85.317	252	86534	86784	19725063	19724813	1.70e-65	259
query	5	84.825	257	86516	86772	12118409	12118154	6.11e-65	257
query	5	84.942	259	86521	86777	16300544	16300292	2.20e-64	255
query	5	83.394	277	59571	59846	13631383	13631657	7.90e-64	254
query	5	84.528	265	86535	86795	18228109	18228367	7.90e-64	254
query	5	89.163	203	45508	45710	4207562	4207362	2.84e-63	252
query	5	85.039	254	86516	86766	12869390	12869141	2.84e-63	252
query	5	81.994	311	59537	59843	13947292	13946991	2.84e-63	252
query	5	86.580	231	86516	86745	17478684	17478456	2.84e-63	252
query	5	81.759	307	59557	59861	18713777	18714079	2.84e-63	252
query	5	85.897	234	86516	86748	11822780	11823013	3.68e-62	248
query	5	80.734	327	59537	59861	15713865	15713544	3.68e-62	248
query	5	83.039	283	86521	86802	1725777	1725505	1.32e-61	246
query	5	86.667	225	86514	86737	7387457	7387235	1.32e-61	246
query	5	84.127	252	86516	86767	8816280	8816531	4.76e-61	244
query	5	83.150	273	59537	59807	11822735	11823002	1.71e-60	243
query	5	80.757	317	59537	59849	14971732	14971421	2.21e-59	239
query	5	84.874	238	86516	86752	3375023	3375257	7.96e-59	237
query	5	82.482	274	86530	86802	12957985	12958253	2.86e-58	235
query	5	85.650	223	86516	86737	2465999	2466220	1.03e-57	233
query	5	84.167	240	86532	86771	9301024	9301263	1.03e-57	233
query	5	84.979	233	59537	59769	9851058	9851286	1.03e-57	233
query	5	89.247	186	86580	86765	2063339	2063155	3.70e-57	231
query	5	85.333	225	86514	86737	3477367	3477144	3.70e-57	231
query	5	82.310	277	86512	86784	4190230	4190501	3.70e-57	231
query	5	80.449	312	59540	59849	6809164	6808858	3.70e-57	231
query	5	81.443	291	86516	86804	12771706	12771991	3.70e-57	231
query	5	83.594	256	86514	86768	16296891	16297138	3.70e-57	231
query	5	82.890	263	86516	86776	2891122	2891379	1.33e-56	230
query	5	82.222	270	86516	86784	18810725	18810992	1.33e-56	230
query	5	82.955	264	86514	86777	20040909	20040656	1.33e-56	230
query	5	82.222	270	59568	59836	16329858	16329593	4.79e-56	228
query	5	85.022	227	86527	86750	16834905	16835128	1.72e-55	226
query	5	81.784	269	86516	86784	2649578	2649844	6.20e-55	224
query	5	82.677	254	86533	86784	9109453	9109202	2.23e-54	222
query	5	82.239	259	86531	86787	7954308	7954052	8.02e-54	220
query	5	82.288	271	86514	86782	16010619	16010876	8.02e-54	220
query	5	81.749	263	86516	86777	4821934	4821673	2.88e-53	219
query	5	83.264	239	86534	86771	11363254	11363491	2.88e-53	219
query	5	82.031	256	86516	86771	9361147	9361400	1.04e-52	217
query	5	85.116	215	59564	59777	18686268	18686056	1.04e-52	217
query	5	83.333	234	86535	86768	5568964	5569196	3.73e-52	215
query	5	80.399	301	59537	59832	17019112	17018822	3.73e-52	215
query	5	81.004	279	86513	86787	13006662	13006935	1.34e-51	213
query	5	81.961	255	86514	86768	18008313	18008563	1.34e-51	213
query	5	82.031	256	86467	86720	5471590	5471341	4.82e-51	211
query	5	82.645	242	59537	59778	14356700	14356462	4.82e-51	211
query	5	80.208	288	59564	59849	14963252	14963535	4.82e-51	211
query	5	71.257	915	34516	35415	11166014	11165115	2.24e-49	206
query	5	80.427	281	59537	59815	17478729	17478457	2.24e-49	206
query	5	87.861	173	86516	86688	8728961	8728789	8.07e-49	204
query	5	81.423	253	86533	86784	17861986	17862236	8.07e-49	204
query	5	82.960	223	86533	86754	1380581	1380360	1.04e-47	200
query	5	71.192	906	34516	35406	9675602	9676492	1.04e-47	200
query	5	83.117	231	86515	86737	17383490	17383717	1.04e-47	200
query	5	86.413	184	86516	86699	18686247	18686065	1.04e-47	200
query	5	84.058	207	86580	86784	8879033	8878828	1.35e-46	196
query	5	71.070	916	34516	35415	6533525	6532626	4.86e-46	195
query	5	80.303	264	86525	86787	17664911	17664653	4.86e-46	195
query	5	70.929	915	34516	35415	9742233	9741334	2.26e-44	189
query	5	70.929	915	34516	35415	13843778	13842879	2.26e-44	189
query	5	80.242	248	86525	86771	794514	794268	2.92e-43	185
query	5	83.251	203	59576	59778	2793284	2793484	2.92e-43	185
query	5	87.975	158	59558	59714	8018012	8018167	1.05e-42	183
query	5	78.596	285	59558	59841	1725809	1725536	4.89e-41	178
query	5	80.000	240	86516	86754	1278404	1278166	1.76e-40	176
query	5	79.197	274	86516	86784	708887	709147	6.33e-40	174
query	5	79.231	260	86533	86784	1000964	1001222	2.28e-39	172
query	5	79.468	263	86525	86784	27590	27342	8.19e-39	171
query	5	80.769	234	86516	86748	13069859	13070080	8.19e-39	171
query	5	78.846	260	86533	86784	975136	975394	1.06e-37	167
query	5	78.846	260	86533	86784	1021672	1021930	1.06e-37	167
query	5	78.309	272	86514	86777	13631641	13631377	4.93e-36	161
query	5	76.923	299	86512	86804	19317217	19317508	6.38e-35	158
query	5	81.592	201	86533	86731	8681923	8681732	2.29e-34	156
query	5	78.707	263	86535	86795	10278079	10277840	2.97e-33	152
query	5	85.517	145	86627	86770	12768382	12768241	3.84e-32	148
query	5	75.932	295	86516	86803	709121	708843	1.39e-26	130
query	5	76.543	243	19562	19804	17403964	17403736	8.36e-24	121
query	5	76.518	247	41172	41412	10347813	10347587	5.03e-21	111
query	5	92.188	64	58366	58429	15512885	15512948	6.56e-15	91.6
query	5	88.158	76	41335	41409	8807606	8807532	2.36e-14	89.8
query	5	80.556	108	52850	52956	12181837	12181731	3.95e-12	82.4
query	5	78.641	103	59654	59752	913740	913838	5.14e-06	62.1
query	6	85.127	316	59537	59849	8336722	8337034	2.76e-83	318
query	6	87.833	263	86516	86777	3384505	3384243	5.98e-80	307
query	6	88.142	253	86516	86768	5395996	5396248	2.78e-78	302
query	6	85.911	291	86516	86804	11183217	11182934	2.78e-78	302
query	6	87.218	266	86521	86784	8459628	8459365	1.00e-77	300
query	6	88.095	252	86516	86767	10084098	10083847	1.00e-77	300
query	6	86.667	270	86516	86784	9117065	9117334	3.60e-77	298
query	6	86.022	279	86527	86804	10298515	10298791	1.29e-76	296
query	6	87.209	258	86514	86771	6517157	6516902	1.67e-75	292
query	6	88.703	239	86530	86768	18468884	18469122	1.67e-75	292
query	6	87.903	248	86521	86768	4924566	4924812	6.02e-75	291
query	6	87.160	257	86516	86771	17784038	17783782	6.02e-75	291
query	6	84.775	289	86516	86804	6032751	6033038	2.17e-74	289
query	6	87.251	251	86521	86771	98467	98217	7.79e-74	287
query	6	86.905	252	86516	86767	13838058	13838309	1.01e-72	283
query	6	85.556	270	86516	86784	19287122	19286854	3.63e-72	281
query	6	85.985	264	86514	86776	6534007	6534268	1.30e-71	279
query	6	86.667	255	86516	86768	5761433	5761684	4.69e-71	278
query	6	84.028	288	86516	86802	1190516	1190803	1.69e-70	276
query	6	85.036	274	86516	86788	19469229	19469500	1.69e-70	276
query	6	86.275	255	86514	86768	19857011	19857264	1.69e-70	276
query	6	85.938	256	86516	86771	4886530	4886276	2.18e-69	272
query	6	85.769	260	86516	86773	13938205	13937948	2.18e-69	272
query	6	86.220	254	86516	86768	16875040	16875291	2.18e-69	272
query	6	85.659	258	86520	86776	5907943	5907686	7.85e-69	270
query	6	84.477	277	86516	86791	15341411	15341137	7.85e-69	270
query	6	86.235	247	86516	86762	1154202	1153956	2.82e-68	268
query	6	83.849	291	86516	86804	20313001	20313284	2.82e-68	268
query	6	83.624	287	59558	59843	1190490	1190774	1.02e-67	267
query	6	85.771	253	86516	86768	2062958	2063209	1.02e-67	267
query	6	83.448	290	86516	86804	21269879	21270164	3.65e-67	265
query	6	82.781	302	59537	59836	21269834	21270129	1.31e-66	263
query	6	85.375	253	86516	86768	3734104	3734355	4.72e-66	261
query	6	83.275	287	59558	59843	5890520	5890237	4.72e-66	261
query	6	85.317	252	86516	86767	14466249	14466500	4.72e-66	261
query	6	84.942	259	86517	86774	16841191	16841448	4.72e-66	261
query	6	83.571	280	86516	86791	8336767	8337046	1.70e-65	259
query	6	83.755	277	59571	59846	13070131	13070404	1.70e-65	259
query	6	84.733	262	86516	86776	18252120	18252378	1.70e-65	259
query	6	85.484	248	86524	86771	3062141	3062387	6.11e-65	257
query	6	82.667	300	59537	59834	9271491	9271199	6.11e-65	257
query	6	85.039	254	86516	86768	19315559	19315809	2.20e-64	255
query	6	82.534	292	59558	59846	2062932	2063218	1.02e-62	250
query	6	84.030	263	86516	86777	5778333	5778593	1.02e-62	250
query	6	85.477	241	59537	59777	20759755	20759518	3.68e-62	248
query	6	83.908	261	86517	86776	4934418	4934160	1.32e-61	246
query	6	81.940	299	59537	59833	6041226	6041519	1.32e-61	246
query	6	85.124	242	86535	86775	7183485	7183245	1.32e-61	246
query	6	86.147	231	86516	86746	7687553	7687780	1.32e-61	246
query	6	82.000	300	59537	59833	21895675	21895967	1.32e-61	246
query	6	81.848	303	59537	59836	13938249	13937955	4.76e-61	244
query	6	82.562	281	86516	86795	3286044	3285768	1.71e-60	243
query	6	82.474	291	86516	86804	19188422	19188698	6.15e-60	241
query	6	83.858	254	86533	86784	6578616	6578867	2.21e-59	239
query	6	82.545	275	59576	59849	16144963	16144692	2.21e-59	239
query	6	81.605	299	59537	59832	17158600	17158891	2.21e-59	239
query	6	84.979	233	86516	86748	16749604	16749836	7.96e-59	237
query	6	88.718	195	86516	86710	2685099	2685290	2.86e-58	235
query	6	83.784	259	86514	86771	10020205	10019958	2.86e-58	235
query	6	84.810	237	86527	86762	19214227	19214461	2.86e-58	235
query	6	82.353	272	86514	86784	8254893	8255162	1.03e-57	233
query	6	80.519	308	59537	59843	98517	98215	3.70e-57	231
query	6	83.600	250	86516	86763	3887988	3887741	3.70e-57	231
query	6	83.071	254	86532	86784	4787027	4786775	1.33e-56	230
query	6	83.673	245	86532	86774	4776618	4776376	4.79e-56	228
query	6	81.034	290	59558	59846	20286896	20287183	4.79e-56	228
query	6	80.731	301	59538	59836	996025	995732	1.72e-55	226
query	6	86.893	206	86556	86761	17665582	17665384	6.20e-55	224
query	6	83.197	244	86521	86764	21142088	21142331	6.20e-55	224
query	6	84.279	229	86516	86744	21526623	21526851	6.20e-55	224
query	6	80.822	292	59545	59832	1154244	1153956	2.23e-54	222
query	6	84.348	230	86556	86784	2854570	2854343	2.23e-54	222
query	6	82.609	253	86533	86784	14812395	14812647	2.23e-54	222
query	6	80.690	290	86516	86804	18306562	18306846	8.02e-54	220
query	6	83.843	229	86528	86756	4631571	4631344	1.04e-52	217
query	6	71.523	906	34516	35406	15440528	15441418	1.04e-52	217
query	6	82.213	253	86533	86784	19866688	19866437	1.04e-52	217
query	6	78.997	319	59544	59861	17176360	17176673	1.34e-51	213
query	6	81.343	268	86516	86776	1004550	1004816	4.82e-51	211
query	6	80.357	280	59564	59842	3286065	3285789	1.74e-50	209
query	6	84.434	212	86556	86767	6063068	6063279	1.74e-50	209
query	6	81.550	271	86530	86799	7990346	7990090	1.74e-50	209
query	6	82.988	241	86533	86771	9713512	9713282	6.24e-50	207
query	6	82.500	240	86533	86771	15877165	15876928	6.24e-50	207
query	6	83.406	229	86514	86740	16827540	16827765	6.24e-50	207
query	6	81.679	262	86525	86784	18523787	18523536	6.24e-50	207
query	6	71.302	906	34516	35406	4514824	4515714	2.24e-49	206
query	6	82.553	235	86533	86766	5124477	5124244	2.24e-49	206
query	6	85.641	195	86577	86771	9386297	9386104	8.07e-49	204
query	6	88.757	169	86627	86794	19895818	19895653	8.07e-49	204
query	6	72.109	735	34516	35238	12228819	12229541	1.04e-47	200
query	6	80.153	262	86516	86777	2945740	2945479	1.35e-46	196
query	6	90.345	145	86619	86763	21536857	21536713	6.29e-45	191
query	6	81.624	234	86536	86767	1648448	1648677	2.26e-44	189
query	6	80.478	251	86535	86784	8360814	8360566	2.26e-44	189
query	6	83.824	204	45508	45710	18616300	18616498	2.26e-44	189
query	6	90.210	143	86629	86771	3571660	3571518	8.13e-44	187
query	6	80.237	253	86533	86784	3065624	3065376	2.92e-43	185
query	6	79.921	254	86532	86784	4267701	4267449	2.92e-43	185
query	6	83.673	196	86533	86727	20217930	20217737	3.78e-42	182
query	6	81.034	232	86546	86775	855038	854811	1.36e-41	180
query	6	82.843	204	45508	45710	16429086	16429287	1.36e-41	180
query	6	84.239	184	86589	86771	14088757	14088939	4.89e-41	178
query	6	81.364	220	86533	86751	14665723	14665505	4.89e-41	178
query	6	79.070	258	86514	86769	20057607	20057351	6.33e-40	174
query	6	79.116	249	86525	86771	6398097	6398343	2.95e-38	169
query	6	80.930	215	59576	59789	15820233	15820442	3.81e-37	165
query	6	79.545	220	59614	59832	855038	854825	1.07e-32	150
query	6	78.756	193	59618	59810	19146632	19146442	5.00e-26	128
query	6	84.553	123	86664	86785	1155997	1156117	3.01e-23	119
query	6	75.325	231	86579	86804	19286942	19287167	3.03e-18	102
query	6	83.495	103	58335	58436	3246519	3246420	1.82e-15	93.5
query	6	86.250	80	58366	58445	17028659	17028581	3.05e-13	86.1
query	6	78.333	120	59595	59710	3570141	3570024	2.38e-09	73.1
query	6	91.667	48	75793	75839	20836272	20836319	3.97e-07	65.8
query	6	87.500	56	60301	60355	20836272	20836325	5.14e-06	62.1
query	9	88.803	259	86516	86773	9107384	9107129	3.57e-82	315
query	9	88.538	253	86516	86768	6780293	6780042	2.15e-79	305
query	9	88.189	254	86516	86768	5083757	5084009	2.78e-78	302
query	9	85.714	294	86516	86804	10720078	10720367	2.78e-78	302
query	9	85.417	288	86516	86803	12276832	12276547	3.60e-77	298
query	9	86.842	266	86526	86791	7470092	7470355	1.29e-76	296
query	9	85.971	278	86514	86791	12848064	12848340	1.29e-76	296
query	9	87.500	256	86516	86771	6080301	6080047	4.66e-76	294
query	9	85.172	290	86516	86804	12701056	12700769	4.66e-76	294
query	9	74.798	742	35849	36563	488305	489028	1.67e-75	292
query	9	85.366	287	86511	86795	8980909	8981191	1.67e-75	292
query	9	87.550	249	86516	86764	9890166	9890414	2.17e-74	289
query	9	86.822	258	86516	86773	8206320	8206575	7.79e-74	287
query	9	86.245	269	86516	86781	9120541	9120807	7.79e-74	287
query	9	86.312	263	86516	86777	8207561	8207823	2.80e-73	285
query	9	86.245	269	86512	86776	9171864	9172128	2.80e-73	285
query	9	87.059	255	86516	86768	9756151	9756404	2.80e-73	285
query	9	86.434	258	86514	86771	14159406	14159663	1.01e-72	283
query	9	85.348	273	86514	86784	12595966	12596237	1.30e-71	279
query	9	86.614	254	86514	86767	1717773	1718022	4.69e-71	278
query	9	84.247	292	86516	86804	7856443	7856730	4.69e-71	278
query	9	84.452	283	59571	59851	9120528	9120806	6.07e-70	274
query	9	85.496	262	86516	86776	9897368	9897629	2.18e-69	272
query	9	86.111	252	86514	86764	7768086	7768336	7.85e-69	270
query	9	89.352	216	86556	86769	10992951	10992738	2.82e-68	268
query	9	84.364	275	59536	59810	9072281	9072011	1.02e-67	267
query	9	86.235	247	86516	86761	8297651	8297407	3.65e-67	265
query	9	85.771	253	86521	86771	8867058	8866808	3.65e-67	265
query	9	85.271	258	86514	86771	11843684	11843429	3.65e-67	265
query	9	85.271	258	86514	86770	5604856	5604601	1.31e-66	263
query	9	84.364	275	86516	86784	6776769	6777041	1.31e-66	263
query	9	81.212	330	59548	59877	8867097	8866772	1.31e-66	263
query	9	85.000	260	86516	86774	10515210	10515468	1.31e-66	263
query	9	85.271	258	86516	86771	10911520	10911775	1.31e-66	263
query	9	84.791	263	86516	86776	6052731	6052990	1.70e-65	259
query	9	84.270	267	86514	86777	8599287	8599022	6.11e-65	257
query	9	84.249	273	86514	86777	5621301	5621032	2.20e-64	255
query	9	81.155	329	59537	59861	9081376	9081055	7.90e-64	254
query	9	85.039	254	86521	86768	12991977	12992230	7.90e-64	254
query	9	84.375	256	86516	86771	966993	966739	1.02e-62	250
query	9	81.818	308	59539	59843	6080345	6080045	1.02e-62	250
query	9	84.524	252	86516	86767	1435941	1436191	3.68e-62	248
query	9	83.333	270	59564	59832	10422621	10422355	1.32e-61	246
query	9	84.375	256	86516	86768	937511	937762	4.76e-61	244
query	9	87.678	211	86516	86726	6854978	6854769	4.76e-61	244
query	9	83.459	266	59576	59841	13955115	13954853	4.76e-61	244
query	9	83.774	265	86516	86776	15115120	15115381	4.76e-61	244
query	9	80.547	329	59537	59861	14159363	14159684	1.71e-60	243
query	9	87.037	216	86529	86742	987881	987667	6.15e-60	241
query	9	82.168	286	59566	59849	9084728	9084446	6.15e-60	241
query	9	85.232	237	86532	86768	8196028	8196259	2.21e-59	239
query	9	91.716	169	86600	86768	5522168	5522335	1.03e-57	233
query	9	81.081	296	59537	59831	8453025	8452735	3.70e-57	231
query	9	83.333	252	86516	86767	14629966	14630215	3.70e-57	231
query	9	82.576	264	59537	59800	6855023	6854764	1.33e-56	230
query	9	80.195	308	59537	59843	967038	966737	6.20e-55	224
query	9	81.495	281	59558	59836	6780319	6780044	6.20e-55	224
query	9	71.413	913	34516	35415	4454685	4453786	1.04e-52	217
query	9	71.475	915	34516	35415	5775460	5774561	1.04e-52	217
query	9	71.382	912	34516	35415	6641654	6640755	1.04e-52	217
query	9	88.636	176	86596	86771	12515990	12515815	3.73e-52	215
query	9	81.250	272	86516	86784	13918212	13917944	3.73e-52	215
query	9	81.818	264	86516	86777	11017608	11017862	4.82e-51	211
query	9	79.661	295	59539	59833	11343061	11343350	6.24e-50	207
query	9	80.000	290	59537	59824	8297696	8297414	2.24e-49	206
query	9	78.997	319	59537	59849	8599330	8599020	2.24e-49	206
query	9	83.482	224	59566	59789	14276307	14276087	2.24e-49	206
query	9	90.385	156	59557	59711	5522013	5522168	8.07e-49	204
query	9	81.250	256	86516	86770	9041999	9042252	8.07e-49	204
query	9	81.349	252	86533	86782	6362361	6362608	1.04e-47	200
query	9	86.096	187	86542	86727	8480028	8479844	3.76e-47	198
query	9	78.049	328	59537	59860	1529840	1529522	4.86e-46	195
query	9	83.333	198	86589	86784	4872222	4872418	1.36e-41	180
query	9	80.426	235	86556	86787	7643243	7643011	6.33e-40	174
query	9	78.188	298	59540	59836	12516098	12515820	2.28e-39	172
query	9	76.429	280	86516	86791	8866820	8867095	4.96e-31	145
query	9	75.932	295	86516	86804	10911763	10911475	6.42e-30	141
query	9	72.868	516	85124	85622	9544590	9545056	1.08e-22	117
query	8	88.933	253	86516	86768	13280995	13281246	4.62e-81	311
query	8	87.833	263	86516	86777	15715285	15715023	5.98e-80	307
query	8	88.800	250	86518	86767	15852443	15852196	2.15e-79	305
query	8	87.405	262	86514	86774	13534384	13534645	1.00e-77	300
query	8	88.048	251	86521	86771	4085417	4085167	3.60e-77	298
query	8	87.308	260	86514	86772	4364775	4364517	1.29e-76	296
query	8	87.500	256	86516	86771	3632791	3632537	4.66e-76	294
query	8	87.352	253	86516	86768	2439057	2439309	6.02e-75	291
query	8	86.641	262	86516	86776	1839917	1840177	2.17e-74	289
query	8	86.891	267	86514	86768	12935324	12935059	7.79e-74	287
query	8	85.978	271	86516	86784	13639550	13639819	7.79e-74	287
query	8	86.957	253	86516	86768	3716595	3716343	2.80e-73	285
query	8	87.500	248	86521	86768	18131453	18131699	2.80e-73	285
query	8	86.719	256	86516	86771	11772295	11772041	1.01e-72	283
query	8	85.502	269	86502	86768	410961	411229	1.30e-71	279
query	8	84.138	290	86516	86804	15126926	15126638	1.30e-71	279
query	8	86.100	259	86514	86771	11296566	11296308	4.69e-71	278
query	8	86.100	259	86521	86777	99540	99797	1.69e-70	276
query	8	83.062	307	59537	59843	2439012	2439314	1.69e-70	276
query	8	84.507	284	86526	86804	1481797	1482078	6.07e-70	274
query	8	85.091	275	86516	86784	10355996	10356269	6.07e-70	274
query	8	86.831	243	86521	86762	14217363	14217604	7.85e-69	270
query	8	85.075	268	86521	86784	10758170	10757906	1.02e-67	267
query	8	85.385	260	86516	86774	1794521	1794771	4.72e-66	261
query	8	86.066	244	86521	86763	3052595	3052353	4.72e-66	261
query	8	83.162	291	86516	86804	8367225	8366939	4.72e-66	261
query	8	83.630	281	86516	86795	12303683	12303407	1.70e-65	259
query	8	85.375	253	86516	86767	12766313	12766562	1.70e-65	259
query	8	85.375	253	86516	86768	3916527	3916773	6.11e-65	257
query	8	88.372	215	86580	86793	11235734	11235521	6.11e-65	257
query	8	85.271	258	86521	86771	14785444	14785698	6.11e-65	257
query	8	83.942	274	86516	86784	15395160	15395433	6.11e-65	257
query	8	83.824	272	86514	86784	5125814	5126080	7.90e-64	254
query	8	83.571	280	86516	86795	12094410	12094679	7.90e-64	254
query	8	86.266	233	86516	86748	11320012	11319781	2.84e-63	252
query	8	84.739	249	86523	86771	3279850	3279602	1.02e-62	250
query	8	81.329	316	59537	59849	4085468	4085158	1.02e-62	250
query	8	81.447	318	59537	59847	10355951	10356262	3.68e-62	248
query	8	83.154	279	86530	86802	12103059	12102782	3.68e-62	248
query	8	86.087	230	86537	86763	5850644	5850419	6.15e-60	241
query	8	83.794	253	86516	86768	14734105	14734357	6.15e-60	241
query	8	85.106	235	59537	59771	2603874	2604105	7.96e-59	237
query	8	84.167	240	86533	86771	1417651	1417889	3.70e-57	231
query	8	84.681	235	86516	86750	9886367	9886598	3.70e-57	231
query	8	80.519	308	59539	59843	3279900	3279600	4.79e-56	228
query	8	84.167	240	86514	86748	5889286	5889524	4.79e-56	228
query	8	81.884	276	59572	59846	11213458	11213729	4.79e-56	228
query	8	84.255	235	86524	86758	14985992	14986224	4.79e-56	228
query	8	83.817	241	86520	86759	956691	956929	1.72e-55	226
query	8	81.752	274	59537	59810	11320056	11319789	6.20e-55	224
query	8	81.185	287	86521	86804	9267524	9267245	2.23e-54	222
query	8	71.616	916	34516	35415	8057169	8056271	8.02e-54	220
query	8	81.034	290	59558	59847	12094384	12094661	8.02e-54	220
query	8	82.869	251	86516	86766	13190060	13190300	1.04e-52	217
query	8	80.623	289	59564	59849	13280974	13281258	1.04e-52	217
query	8	91.503	153	86596	86748	4584576	4584728	4.82e-51	211
query	8	81.818	253	59537	59789	17443275	17443027	1.74e-50	209
query	8	86.885	183	86516	86698	8877556	8877376	8.07e-49	204
query	8	80.515	272	59537	59807	14136471	14136736	2.90e-48	202
query	8	82.203	236	86533	86767	2057091	2057324	1.04e-47	200
query	8	80.934	257	86516	86771	17992605	17992351	1.04e-47	200
query	8	85.638	188	21602	21787	186432	186619	1.35e-46	196
query	8	80.632	253	86533	86784	11899285	11899534	1.75e-45	193
query	8	79.927	274	59563	59833	12766291	12766558	1.75e-45	193
query	8	77.778	342	59537	59860	3721854	3721518	2.26e-44	189
query	8	80.769	260	86516	86774	5208241	5207999	8.13e-44	187
query	8	71.257	915	34516	35406	17112496	17113385	8.13e-44	187
query	8	79.044	272	86514	86784	2229210	2228941	1.05e-42	183
query	8	80.328	244	59607	59849	11235774	11235535	1.36e-41	180
query	8	78.694	291	59558	59836	12935348	12935061	1.36e-41	180
query	8	84.127	189	45506	45694	7807388	7807567	6.33e-40	174
query	8	78.148	270	59566	59832	17035044	17035309	3.81e-37	165
query	8	79.216	255	86514	86767	2367116	2367355	1.37e-36	163
query	8	77.869	244	41172	41412	483404	483634	8.31e-29	137
query	8	79.897	194	59617	59810	4584537	4584720	1.07e-27	134
query	8	79.775	178	59603	59780	14986002	14986178	5.00e-26	128
query	8	76.444	225	41189	41412	15719028	15719252	8.36e-24	121
query	8	84.821	112	58335	58446	186549	186439	5.03e-21	111
query	8	82.301	113	58705	58814	16800999	16800888	5.07e-16	95.3
query	8	82.979	94	41325	41416	12540998	12540908	1.42e-11	80.5
query	8	84.810	79	58366	58443	9896208	9896131	5.11e-11	78.7
query	8	95.745	47	75793	75839	7469055	7469101	1.84e-10	76.8
query	8	88.710	62	58366	58427	474713	474653	6.60e-10	75.0
query	8	83.544	79	58366	58444	1252523	1252601	6.60e-10	75.0
query	8	93.617	47	60301	60347	7469055	7469101	8.54e-09	71.3
query	8	80.435	92	58366	58453	1393058	1392968	3.97e-07	65.8
query	8	79.381	97	59618	59711	3958615	3958710	3.97e-07	65.8
query	8	86.667	60	59654	59710	15397819	15397878	1.43e-06	63.9
