CN1_Chr8_2924308_3004792	9311_Chr8_2510762_2592989	99.125	16692	85	37	7000	23671	17642	34292	0.0	29959
CN1_Chr8_2924308_3004792	9311_Chr8_2510762_2592989	99.181	15503	71	17	34646	50132	34287	49749	0.0	27874
CN1_Chr8_2924308_3004792	9311_Chr8_2510762_2592989	99.438	14065	41	14	66440	80485	68183	82228	0.0	25501
CN1_Chr8_2924308_3004792	9311_Chr8_2510762_2592989	98.736	7357	53	24	59114	66446	60699	68039	0.0	13034
CN1_Chr8_2924308_3004792	9311_Chr8_2510762_2592989	99.117	7024	38	12	1	7010	10609	17622	0.0	12606
CN1_Chr8_2924308_3004792	9311_Chr8_2510762_2592989	98.199	5163	49	14	50001	55132	49710	54859	0.0	8979
CN1_Chr8_2924308_3004792	9311_Chr8_2510762_2592989	98.423	1649	13	8	57653	59290	59072	60718	0.0	2889
CN1_Chr8_2924308_3004792	9311_Chr8_2510762_2592989	98.806	1507	14	3	56153	57659	55683	57185	0.0	2680
CN1_Chr8_2924308_3004792	9311_Chr8_2510762_2592989	94.622	1097	14	5	55005	56084	54694	55762	0.0	1657
CN1_Chr8_2924308_3004792	9311_Chr8_2510762_2592989	84.798	1684	184	23	38031	39669	41736	43392	0.0	1626
CN1_Chr8_2924308_3004792	9311_Chr8_2510762_2592989	84.739	1684	184	24	42087	43743	37682	39319	0.0	1618
CN1_Chr8_2924308_3004792	9311_Chr8_2510762_2592989	98.482	461	7	0	18862	19322	34707	35167	0.0	813
CN1_Chr8_2924308_3004792	9311_Chr8_2510762_2592989	96.963	461	8	1	35066	35520	29483	29943	0.0	769
CN1_Chr8_2924308_3004792	9311_Chr8_2510762_2592989	97.136	419	8	2	56448	56864	56149	56565	0.0	704
CN1_Chr8_2924308_3004792	9311_Chr8_2510762_2592989	97.337	413	7	2	56622	57032	55975	56385	0.0	699
CN1_Chr8_2924308_3004792	9311_Chr8_2510762_2592989	92.826	460	32	1	2366	2824	8203	8662	0.0	665
CN1_Chr8_2924308_3004792	9311_Chr8_2510762_2592989	100.000	233	0	0	14140	14372	24712	24944	9.10e-121	431
CN1_Chr8_2924308_3004792	9311_Chr8_2510762_2592989	95.510	245	7	2	56796	57038	55975	56217	5.56e-108	388
CN1_Chr8_2924308_3004792	9311_Chr8_2510762_2592989	95.510	245	7	2	56448	56690	56323	56565	5.56e-108	388
CN1_Chr8_2924308_3004792	9311_Chr8_2510762_2592989	72.666	1328	292	54	16654	17956	1330	2611	4.33e-104	375
CN1_Chr8_2924308_3004792	9311_Chr8_2510762_2592989	97.790	181	3	1	4230	4410	14630	14809	1.24e-84	311
CN1_Chr8_2924308_3004792	9311_Chr8_2510762_2592989	96.685	181	6	0	4016	4196	14843	15023	7.45e-82	302
CN1_Chr8_2924308_3004792	9311_Chr8_2510762_2592989	90.295	237	14	8	47503	47735	49175	49406	7.45e-82	302
CN1_Chr8_2924308_3004792	9311_Chr8_2510762_2592989	90.171	234	14	8	49558	49786	47149	47378	3.47e-80	296
CN1_Chr8_2924308_3004792	9311_Chr8_2510762_2592989	81.931	321	50	8	35933	36249	35896	35580	9.77e-71	265
CN1_Chr8_2924308_3004792	9311_Chr8_2510762_2592989	77.991	468	70	23	54263	54713	53871	54322	3.51e-70	263
CN1_Chr8_2924308_3004792	9311_Chr8_2510762_2592989	85.542	249	27	7	37399	37643	37289	37046	7.61e-67	252
CN1_Chr8_2924308_3004792	9311_Chr8_2510762_2592989	77.447	470	73	23	54154	54606	53980	54433	2.74e-66	250
CN1_Chr8_2924308_3004792	9311_Chr8_2510762_2592989	85.590	229	26	5	49912	50136	49841	49616	2.76e-61	233
CN1_Chr8_2924308_3004792	9311_Chr8_2510762_2592989	99.225	129	1	0	50004	50132	49841	49713	2.76e-61	233
CN1_Chr8_2924308_3004792	9311_Chr8_2510762_2592989	85.632	174	21	2	55001	55173	54863	54693	3.64e-45	180
CN1_Chr8_2924308_3004792	9311_Chr8_2510762_2592989	85.882	170	16	3	55007	55173	54654	54818	1.69e-43	174
CN1_Chr8_2924308_3004792	9311_Chr8_2510762_2592989	89.630	135	13	1	80351	80485	26052	26185	2.19e-42	171
CN1_Chr8_2924308_3004792	9311_Chr8_2510762_2592989	89.630	135	13	1	15431	15564	82094	82228	2.19e-42	171
CN1_Chr8_2924308_3004792	9311_Chr8_2510762_2592989	90.076	131	5	8	41067	41193	40843	40717	3.67e-40	163
CN1_Chr8_2924308_3004792	9311_Chr8_2510762_2592989	90.323	124	10	1	55051	55174	54654	54775	1.32e-39	161
CN1_Chr8_2924308_3004792	9311_Chr8_2510762_2592989	86.957	138	9	5	50004	50136	49797	49664	3.69e-35	147
CN1_Chr8_2924308_3004792	9311_Chr8_2510762_2592989	83.721	172	10	3	54932	55089	54693	54860	3.69e-35	147
CN1_Chr8_2924308_3004792	9311_Chr8_2510762_2592989	81.287	171	29	3	45175	45343	46197	46028	7.99e-32	135
CN1_Chr8_2924308_3004792	9311_Chr8_2510762_2592989	82.192	146	20	6	36357	36499	67065	66923	2.24e-27	121
CN1_Chr8_2924308_3004792	9311_Chr8_2510762_2592989	81.176	170	10	5	47761	47910	44397	44564	2.90e-26	117
CN1_Chr8_2924308_3004792	9311_Chr8_2510762_2592989	81.176	170	10	5	44749	44916	47407	47556	2.90e-26	117
CN1_Chr8_2924308_3004792	9311_Chr8_2510762_2592989	78.652	178	35	3	46376	46552	44995	44820	1.04e-25	115
CN1_Chr8_2924308_3004792	9311_Chr8_2510762_2592989	91.250	80	7	0	55093	55172	54858	54779	4.85e-24	110
CN1_Chr8_2924308_3004792	9311_Chr8_2510762_2592989	94.366	71	2	1	56448	56518	56497	56565	1.74e-23	108
CN1_Chr8_2924308_3004792	9311_Chr8_2510762_2592989	82.677	127	9	2	54932	55045	54734	54860	2.92e-21	100
CN1_Chr8_2924308_3004792	9311_Chr8_2510762_2592989	95.161	62	1	2	71589	71649	73295	73355	3.77e-20	97.1
CN1_Chr8_2924308_3004792	9311_Chr8_2510762_2592989	95.161	62	1	2	71541	71601	73343	73403	3.77e-20	97.1
CN1_Chr8_2924308_3004792	9311_Chr8_2510762_2592989	75.109	229	38	10	49909	50135	54650	54861	6.31e-18	89.8
CN1_Chr8_2924308_3004792	9311_Chr8_2510762_2592989	81.081	111	13	7	46865	46971	40895	41001	1.06e-15	82.4
CN1_Chr8_2924308_3004792	9311_Chr8_2510762_2592989	81.250	112	11	8	41245	41351	46513	46619	1.06e-15	82.4
CN1_Chr8_2924308_3004792	9311_Chr8_2510762_2592989	97.619	42	1	0	50001	50042	61001	60960	6.36e-13	73.1
CN1_Chr8_2924308_3004792	9311_Chr8_2510762_2592989	100.000	34	0	0	72042	72075	73763	73796	3.83e-10	63.9
CN1_Chr8_2924308_3004792	9311_Chr8_2510762_2592989	100.000	34	0	0	72009	72042	73796	73829	3.83e-10	63.9
CN1_Chr8_2924308_3004792	9311_Chr8_2510762_2592989	94.872	39	1	1	3888	3926	14556	14593	4.95e-09	60.2
