MSU_Chr3_35647669_35741607	Oni_3_38758661_38799685	99.552	16299	54	9	1	16298	1	16281	0.0	29676
MSU_Chr3_35647669_35741607	Oni_3_38758661_38799685	95.758	10820	331	60	40048	50834	30110	40834	0.0	17320
MSU_Chr3_35647669_35741607	Oni_3_38758661_38799685	98.563	8771	67	15	20996	29754	21391	30114	0.0	15444
MSU_Chr3_35647669_35741607	Oni_3_38758661_38799685	98.043	4702	49	17	16308	20984	16667	21350	0.0	8133
MSU_Chr3_35647669_35741607	Oni_3_38758661_38799685	98.704	2701	32	2	81952	84649	38325	41025	0.0	4791
MSU_Chr3_35647669_35741607	Oni_3_38758661_38799685	85.572	2211	284	21	64188	66384	36937	39126	0.0	2283
MSU_Chr3_35647669_35741607	Oni_3_38758661_38799685	88.110	1741	171	20	66409	68137	39118	40834	0.0	2036
MSU_Chr3_35647669_35741607	Oni_3_38758661_38799685	89.568	1390	120	12	78320	79707	36937	38303	0.0	1740
MSU_Chr3_35647669_35741607	Oni_3_38758661_38799685	94.366	568	21	6	73067	73629	34555	35116	0.0	861
MSU_Chr3_35647669_35741607	Oni_3_38758661_38799685	90.433	439	22	9	74119	74551	35118	35542	6.48e-160	560
MSU_Chr3_35647669_35741607	Oni_3_38758661_38799685	90.489	368	10	12	55976	56318	33141	33508	1.88e-130	462
MSU_Chr3_35647669_35741607	Oni_3_38758661_38799685	87.719	285	28	3	74547	74826	35868	36150	2.57e-89	326
MSU_Chr3_35647669_35741607	Oni_3_38758661_38799685	94.410	161	5	3	72717	72875	32421	32579	7.41e-65	244
MSU_Chr3_35647669_35741607	Oni_3_38758661_38799685	99.083	109	1	0	56321	56429	33573	33681	2.10e-50	196
