MSU_Chr11_27789128_28005009	Oru_Chr11_26801498_26950434	99.261	14606	63	22	193836	208408	73937	88530	0.0	26332
MSU_Chr11_27789128_28005009	Oru_Chr11_26801498_26950434	97.927	10904	153	31	31232	42115	43642	54492	0.0	18816
MSU_Chr11_27789128_28005009	Oru_Chr11_26801498_26950434	99.717	7409	6	2	208480	215882	141538	148937	0.0	13551
MSU_Chr11_27789128_28005009	Oru_Chr11_26801498_26950434	98.106	5596	67	17	14702	20281	24925	30497	0.0	9710
MSU_Chr11_27789128_28005009	Oru_Chr11_26801498_26950434	98.746	4786	47	5	24891	29666	35823	40605	0.0	8493
MSU_Chr11_27789128_28005009	Oru_Chr11_26801498_26950434	96.535	4906	122	29	187949	192841	68617	73487	0.0	8074
MSU_Chr11_27789128_28005009	Oru_Chr11_26801498_26950434	95.934	4083	120	9	4	4076	1	4047	0.0	6578
MSU_Chr11_27789128_28005009	Oru_Chr11_26801498_26950434	98.234	3455	24	9	21444	24893	30493	33915	0.0	6008
MSU_Chr11_27789128_28005009	Oru_Chr11_26801498_26950434	93.624	2588	64	44	45519	48024	89363	91931	0.0	3771
MSU_Chr11_27789128_28005009	Oru_Chr11_26801498_26950434	94.237	1822	61	19	4122	5921	4045	5844	0.0	2743
MSU_Chr11_27789128_28005009	Oru_Chr11_26801498_26950434	97.126	1496	40	1	7117	8609	6749	8244	0.0	2521
MSU_Chr11_27789128_28005009	Oru_Chr11_26801498_26950434	98.548	1377	19	1	186588	187963	67219	68595	0.0	2431
MSU_Chr11_27789128_28005009	Oru_Chr11_26801498_26950434	99.254	1341	8	2	29658	30997	41489	42828	0.0	2420
MSU_Chr11_27789128_28005009	Oru_Chr11_26801498_26950434	93.825	1247	71	5	9866	11108	9169	10413	0.0	1871
MSU_Chr11_27789128_28005009	Oru_Chr11_26801498_26950434	96.548	1014	35	0	6105	7118	5842	6855	0.0	1679
MSU_Chr11_27789128_28005009	Oru_Chr11_26801498_26950434	92.046	1207	73	15	65257	66452	21395	22589	0.0	1676
MSU_Chr11_27789128_28005009	Oru_Chr11_26801498_26950434	91.584	1212	77	18	143479	144682	22589	21395	0.0	1650
MSU_Chr11_27789128_28005009	Oru_Chr11_26801498_26950434	93.088	1114	70	7	135767	136878	123223	124331	0.0	1624
MSU_Chr11_27789128_28005009	Oru_Chr11_26801498_26950434	88.115	1422	89	39	52214	53590	99874	101260	0.0	1616
MSU_Chr11_27789128_28005009	Oru_Chr11_26801498_26950434	93.059	1095	36	7	41412	42506	56976	58030	0.0	1565
MSU_Chr11_27789128_28005009	Oru_Chr11_26801498_26950434	96.120	902	33	2	133642	134542	132063	132963	0.0	1471
MSU_Chr11_27789128_28005009	Oru_Chr11_26801498_26950434	95.425	918	33	6	53889	54800	58042	58956	0.0	1454
MSU_Chr11_27789128_28005009	Oru_Chr11_26801498_26950434	93.312	942	18	12	8728	9633	8240	9172	0.0	1349
MSU_Chr11_27789128_28005009	Oru_Chr11_26801498_26950434	86.595	1201	148	7	32774	33964	5698	6895	0.0	1314
MSU_Chr11_27789128_28005009	Oru_Chr11_26801498_26950434	94.385	837	36	4	53971	54800	101375	102207	0.0	1275
MSU_Chr11_27789128_28005009	Oru_Chr11_26801498_26950434	92.070	908	59	6	48991	49893	92777	93676	0.0	1266
MSU_Chr11_27789128_28005009	Oru_Chr11_26801498_26950434	87.463	1013	115	6	6106	7115	45334	46337	0.0	1157
MSU_Chr11_27789128_28005009	Oru_Chr11_26801498_26950434	78.234	1755	360	18	1	1747	115933	117673	0.0	1105
MSU_Chr11_27789128_28005009	Oru_Chr11_26801498_26950434	92.917	720	42	6	134899	135616	135672	136384	0.0	1038
MSU_Chr11_27789128_28005009	Oru_Chr11_26801498_26950434	97.231	614	14	3	174631	175242	138476	139088	0.0	1037
MSU_Chr11_27789128_28005009	Oru_Chr11_26801498_26950434	95.268	634	26	4	11107	11738	20088	20719	0.0	1002
MSU_Chr11_27789128_28005009	Oru_Chr11_26801498_26950434	96.296	594	16	2	132456	133049	131061	131648	0.0	970
MSU_Chr11_27789128_28005009	Oru_Chr11_26801498_26950434	93.290	611	40	1	135692	136302	107477	106868	0.0	900
MSU_Chr11_27789128_28005009	Oru_Chr11_26801498_26950434	94.369	586	27	6	142680	143264	24430	23850	0.0	894
MSU_Chr11_27789128_28005009	Oru_Chr11_26801498_26950434	94.027	586	31	3	66696	67280	23850	24432	0.0	885
MSU_Chr11_27789128_28005009	Oru_Chr11_26801498_26950434	85.086	818	116	6	33991	34805	6883	7697	0.0	830
MSU_Chr11_27789128_28005009	Oru_Chr11_26801498_26950434	88.685	707	44	13	40146	40819	55105	55808	0.0	830
MSU_Chr11_27789128_28005009	Oru_Chr11_26801498_26950434	84.275	814	124	4	7251	8062	46410	47221	0.0	791
MSU_Chr11_27789128_28005009	Oru_Chr11_26801498_26950434	88.754	578	27	22	51393	51954	99045	99600	0.0	673
MSU_Chr11_27789128_28005009	Oru_Chr11_26801498_26950434	88.522	575	39	15	165367	165935	68623	69176	0.0	671
MSU_Chr11_27789128_28005009	Oru_Chr11_26801498_26950434	91.529	484	20	14	39519	39991	140086	140559	0.0	647
MSU_Chr11_27789128_28005009	Oru_Chr11_26801498_26950434	92.667	450	7	6	48468	48913	92012	92439	1.89e-178	625
MSU_Chr11_27789128_28005009	Oru_Chr11_26801498_26950434	86.519	586	40	11	167899	168477	68625	69178	1.90e-173	608
MSU_Chr11_27789128_28005009	Oru_Chr11_26801498_26950434	90.553	434	35	6	134899	135329	108332	107902	8.99e-162	569
MSU_Chr11_27789128_28005009	Oru_Chr11_26801498_26950434	94.857	350	13	2	43083	43428	96453	96801	1.96e-153	542
MSU_Chr11_27789128_28005009	Oru_Chr11_26801498_26950434	83.165	594	79	12	60513	61091	57065	57652	7.10e-148	523
MSU_Chr11_27789128_28005009	Oru_Chr11_26801498_26950434	82.631	593	87	10	60513	61091	53886	54476	5.52e-144	510
MSU_Chr11_27789128_28005009	Oru_Chr11_26801498_26950434	96.980	298	7	1	19365	19662	29873	30168	1.20e-140	499
MSU_Chr11_27789128_28005009	Oru_Chr11_26801498_26950434	83.741	572	48	21	42552	43091	88632	89190	1.20e-140	499
MSU_Chr11_27789128_28005009	Oru_Chr11_26801498_26950434	95.238	315	15	0	66966	67280	133270	132956	1.20e-140	499
MSU_Chr11_27789128_28005009	Oru_Chr11_26801498_26950434	89.169	397	34	2	51007	51394	98498	98894	9.31e-137	486
MSU_Chr11_27789128_28005009	Oru_Chr11_26801498_26950434	95.623	297	13	0	19651	19947	29588	29884	5.60e-134	477
MSU_Chr11_27789128_28005009	Oru_Chr11_26801498_26950434	95.318	299	13	1	135397	135694	107798	107500	7.25e-133	473
MSU_Chr11_27789128_28005009	Oru_Chr11_26801498_26950434	93.610	313	20	0	142680	142992	132958	133270	3.37e-131	468
MSU_Chr11_27789128_28005009	Oru_Chr11_26801498_26950434	83.244	561	40	32	159927	160460	64940	65473	1.21e-130	466
MSU_Chr11_27789128_28005009	Oru_Chr11_26801498_26950434	93.610	313	18	2	50672	50984	98139	98449	1.21e-130	466
MSU_Chr11_27789128_28005009	Oru_Chr11_26801498_26950434	99.203	251	2	0	30989	31239	43087	43337	9.44e-127	453
MSU_Chr11_27789128_28005009	Oru_Chr11_26801498_26950434	91.254	343	13	1	186262	186587	35480	35822	3.40e-126	451
MSU_Chr11_27789128_28005009	Oru_Chr11_26801498_26950434	98.425	254	4	0	169183	169436	66968	67221	4.39e-125	448
MSU_Chr11_27789128_28005009	Oru_Chr11_26801498_26950434	85.308	422	25	18	160626	161033	67203	67601	3.47e-111	401
MSU_Chr11_27789128_28005009	Oru_Chr11_26801498_26950434	95.935	246	8	2	54811	55055	133978	134222	4.49e-110	398
MSU_Chr11_27789128_28005009	Oru_Chr11_26801498_26950434	98.630	219	3	0	44830	45048	96902	97120	2.70e-107	388
MSU_Chr11_27789128_28005009	Oru_Chr11_26801498_26950434	89.320	309	12	10	55591	55895	59212	59503	3.52e-101	368
MSU_Chr11_27789128_28005009	Oru_Chr11_26801498_26950434	93.145	248	13	2	55107	55351	102211	102457	5.89e-99	361
MSU_Chr11_27789128_28005009	Oru_Chr11_26801498_26950434	96.729	214	7	0	54051	54264	133664	133877	7.62e-98	357
MSU_Chr11_27789128_28005009	Oru_Chr11_26801498_26950434	85.311	354	36	10	162997	163341	68074	68420	3.54e-96	351
MSU_Chr11_27789128_28005009	Oru_Chr11_26801498_26950434	93.697	238	10	5	38759	38991	95848	96085	3.54e-96	351
MSU_Chr11_27789128_28005009	Oru_Chr11_26801498_26950434	93.249	237	14	2	136638	136874	106528	106294	4.58e-95	348
MSU_Chr11_27789128_28005009	Oru_Chr11_26801498_26950434	98.000	200	4	0	143192	143391	136729	136928	4.58e-95	348
MSU_Chr11_27789128_28005009	Oru_Chr11_26801498_26950434	92.437	238	11	2	136363	136594	106766	106530	1.28e-90	333
MSU_Chr11_27789128_28005009	Oru_Chr11_26801498_26950434	80.130	463	76	11	59534	59982	55190	55650	4.62e-90	331
MSU_Chr11_27789128_28005009	Oru_Chr11_26801498_26950434	92.405	237	10	2	55598	55834	102466	102694	4.62e-90	331
MSU_Chr11_27789128_28005009	Oru_Chr11_26801498_26950434	95.652	207	6	3	117613	117816	134634	134840	1.66e-89	329
MSU_Chr11_27789128_28005009	Oru_Chr11_26801498_26950434	94.009	217	11	2	133169	133384	122478	122693	5.97e-89	327
MSU_Chr11_27789128_28005009	Oru_Chr11_26801498_26950434	95.169	207	7	3	112182	112385	134634	134840	7.72e-88	324
MSU_Chr11_27789128_28005009	Oru_Chr11_26801498_26950434	90.688	247	10	5	55117	55350	58960	59206	1.29e-85	316
MSU_Chr11_27789128_28005009	Oru_Chr11_26801498_26950434	90.535	243	17	3	163428	163666	68701	68941	1.29e-85	316
MSU_Chr11_27789128_28005009	Oru_Chr11_26801498_26950434	95.385	195	7	2	143029	143223	133371	133563	2.16e-83	309
MSU_Chr11_27789128_28005009	Oru_Chr11_26801498_26950434	87.251	251	32	0	9623	9873	41498	41748	1.01e-76	287
MSU_Chr11_27789128_28005009	Oru_Chr11_26801498_26950434	85.050	301	22	10	168521	168802	69173	69469	3.65e-76	285
MSU_Chr11_27789128_28005009	Oru_Chr11_26801498_26950434	92.784	194	12	2	66739	66931	133563	133371	1.70e-74	279
MSU_Chr11_27789128_28005009	Oru_Chr11_26801498_26950434	82.286	350	34	18	40855	41198	56174	56501	6.10e-74	278
MSU_Chr11_27789128_28005009	Oru_Chr11_26801498_26950434	92.632	190	13	1	27839	28027	38666	38855	2.84e-72	272
MSU_Chr11_27789128_28005009	Oru_Chr11_26801498_26950434	92.632	190	13	1	27736	27925	38769	38957	2.84e-72	272
MSU_Chr11_27789128_28005009	Oru_Chr11_26801498_26950434	97.452	157	4	0	14551	14707	24557	24713	3.67e-71	268
MSU_Chr11_27789128_28005009	Oru_Chr11_26801498_26950434	88.938	226	7	8	117443	117665	134323	134533	1.71e-69	263
MSU_Chr11_27789128_28005009	Oru_Chr11_26801498_26950434	82.866	321	25	20	160148	160461	137193	137490	6.14e-69	261
MSU_Chr11_27789128_28005009	Oru_Chr11_26801498_26950434	83.667	300	22	17	160172	160459	62577	62861	7.95e-68	257
MSU_Chr11_27789128_28005009	Oru_Chr11_26801498_26950434	89.252	214	8	7	112012	112225	134323	134521	1.03e-66	254
MSU_Chr11_27789128_28005009	Oru_Chr11_26801498_26950434	88.288	222	4	1	180294	180515	139576	139775	1.72e-64	246
MSU_Chr11_27789128_28005009	Oru_Chr11_26801498_26950434	97.222	144	3	1	39992	40135	140768	140626	2.23e-63	243
MSU_Chr11_27789128_28005009	Oru_Chr11_26801498_26950434	96.454	141	5	0	56350	56490	104091	104231	1.34e-60	233
MSU_Chr11_27789128_28005009	Oru_Chr11_26801498_26950434	95.139	144	7	0	11787	11930	21070	21213	6.23e-59	228
MSU_Chr11_27789128_28005009	Oru_Chr11_26801498_26950434	91.124	169	8	3	51956	52118	99676	99843	2.90e-57	222
MSU_Chr11_27789128_28005009	Oru_Chr11_26801498_26950434	99.180	122	0	1	134743	134864	108615	108495	3.75e-56	219
MSU_Chr11_27789128_28005009	Oru_Chr11_26801498_26950434	100.000	116	0	0	8612	8727	34092	34207	4.85e-55	215
MSU_Chr11_27789128_28005009	Oru_Chr11_26801498_26950434	76.356	461	72	24	3162	3590	118526	118981	1.74e-54	213
MSU_Chr11_27789128_28005009	Oru_Chr11_26801498_26950434	89.941	169	11	3	160295	160461	137759	137923	1.74e-54	213
MSU_Chr11_27789128_28005009	Oru_Chr11_26801498_26950434	91.558	154	11	2	132456	132608	109225	109073	6.27e-54	211
MSU_Chr11_27789128_28005009	Oru_Chr11_26801498_26950434	82.031	256	37	9	134205	134456	134960	135210	2.26e-53	209
MSU_Chr11_27789128_28005009	Oru_Chr11_26801498_26950434	96.063	127	3	1	11926	12050	24431	24557	2.92e-52	206
MSU_Chr11_27789128_28005009	Oru_Chr11_26801498_26950434	88.820	161	17	1	81657	81817	57871	58030	1.76e-49	196
MSU_Chr11_27789128_28005009	Oru_Chr11_26801498_26950434	85.946	185	23	3	82703	82885	126258	126441	6.32e-49	195
MSU_Chr11_27789128_28005009	Oru_Chr11_26801498_26950434	93.284	134	6	2	66637	66770	136859	136729	6.32e-49	195
MSU_Chr11_27789128_28005009	Oru_Chr11_26801498_26950434	87.151	179	11	5	56169	56346	102752	102919	2.27e-48	193
MSU_Chr11_27789128_28005009	Oru_Chr11_26801498_26950434	82.353	221	33	3	39047	39262	92995	93214	1.06e-46	187
MSU_Chr11_27789128_28005009	Oru_Chr11_26801498_26950434	78.694	291	48	8	29018	29304	118727	119007	4.92e-45	182
MSU_Chr11_27789128_28005009	Oru_Chr11_26801498_26950434	85.632	174	24	1	84139	84311	126431	126258	4.92e-45	182
MSU_Chr11_27789128_28005009	Oru_Chr11_26801498_26950434	79.457	258	43	10	82705	82958	127653	127402	8.23e-43	174
MSU_Chr11_27789128_28005009	Oru_Chr11_26801498_26950434	97.087	103	2	1	42990	43091	89275	89377	2.96e-42	172
MSU_Chr11_27789128_28005009	Oru_Chr11_26801498_26950434	94.286	105	4	2	45519	45622	89176	89279	2.31e-38	159
MSU_Chr11_27789128_28005009	Oru_Chr11_26801498_26950434	90.244	123	7	4	66431	66550	107275	107155	2.98e-37	156
MSU_Chr11_27789128_28005009	Oru_Chr11_26801498_26950434	83.051	177	21	5	81959	82135	88746	88913	3.86e-36	152
MSU_Chr11_27789128_28005009	Oru_Chr11_26801498_26950434	100.000	81	0	0	8647	8727	34476	34556	1.39e-35	150
MSU_Chr11_27789128_28005009	Oru_Chr11_26801498_26950434	89.256	121	11	2	134905	135025	108486	108368	1.39e-35	150
MSU_Chr11_27789128_28005009	Oru_Chr11_26801498_26950434	88.889	126	8	5	66428	66550	123348	123470	1.39e-35	150
MSU_Chr11_27789128_28005009	Oru_Chr11_26801498_26950434	84.211	171	7	9	165991	166146	69177	69342	4.99e-35	148
MSU_Chr11_27789128_28005009	Oru_Chr11_26801498_26950434	89.256	121	9	1	169031	169147	69534	69654	4.99e-35	148
MSU_Chr11_27789128_28005009	Oru_Chr11_26801498_26950434	98.780	82	0	1	63455	63536	21214	21294	6.45e-34	145
MSU_Chr11_27789128_28005009	Oru_Chr11_26801498_26950434	84.892	139	20	1	12069	12206	105948	106086	3.00e-32	139
MSU_Chr11_27789128_28005009	Oru_Chr11_26801498_26950434	98.684	76	1	0	169437	169512	33916	33991	3.88e-31	135
MSU_Chr11_27789128_28005009	Oru_Chr11_26801498_26950434	85.106	141	12	4	186258	186393	35613	35477	3.88e-31	135
MSU_Chr11_27789128_28005009	Oru_Chr11_26801498_26950434	88.785	107	10	2	134826	134931	135568	135673	1.81e-29	130
MSU_Chr11_27789128_28005009	Oru_Chr11_26801498_26950434	100.000	58	0	0	48414	48471	91922	91979	8.47e-23	108
MSU_Chr11_27789128_28005009	Oru_Chr11_26801498_26950434	95.455	66	3	0	142224	142289	36897	36962	3.05e-22	106
MSU_Chr11_27789128_28005009	Oru_Chr11_26801498_26950434	89.189	74	8	0	164920	164993	68075	68148	2.37e-18	93.5
MSU_Chr11_27789128_28005009	Oru_Chr11_26801498_26950434	83.333	108	8	5	169513	169611	35583	35477	8.53e-18	91.6
MSU_Chr11_27789128_28005009	Oru_Chr11_26801498_26950434	83.178	107	10	4	169513	169611	35505	35611	8.53e-18	91.6
MSU_Chr11_27789128_28005009	Oru_Chr11_26801498_26950434	88.158	76	8	1	45450	45524	41422	41497	3.07e-17	89.8
MSU_Chr11_27789128_28005009	Oru_Chr11_26801498_26950434	78.873	142	22	5	49349	49489	137601	137735	3.07e-17	89.8
MSU_Chr11_27789128_28005009	Oru_Chr11_26801498_26950434	87.143	70	8	1	136875	136943	41491	41422	6.64e-14	78.7
MSU_Chr11_27789128_28005009	Oru_Chr11_26801498_26950434	83.951	81	4	6	8759	8838	48213	48285	4.00e-11	69.4
MSU_Chr11_27789128_28005009	Oru_Chr11_26801498_26950434	95.122	41	2	0	162516	162556	67592	67632	5.17e-10	65.8
MSU_Chr11_27789128_28005009	Oru_Chr11_26801498_26950434	94.737	38	2	0	162954	162991	68048	68085	2.41e-08	60.2
MSU_Chr11_27789128_28005009	Oru_Chr11_26801498_26950434	97.143	35	1	0	163390	163424	68623	68657	2.41e-08	60.2
