MSU_Chr8_2852169_2940417	Tumba_Chr8_2801382_2909076	99.696	26966	53	13	61309	88249	80734	107695	0.0	49315
MSU_Chr8_2852169_2940417	Tumba_Chr8_2801382_2909076	99.415	13000	51	21	41952	54945	61350	74330	0.0	23562
MSU_Chr8_2852169_2940417	Tumba_Chr8_2801382_2909076	97.320	9216	208	11	32775	41961	45029	54234	0.0	15614
MSU_Chr8_2852169_2940417	Tumba_Chr8_2801382_2909076	99.343	6397	28	4	54926	61309	74371	80766	0.0	11568
MSU_Chr8_2852169_2940417	Tumba_Chr8_2801382_2909076	99.668	5416	16	2	1	5414	1	5416	0.0	9901
MSU_Chr8_2852169_2940417	Tumba_Chr8_2801382_2909076	91.107	3261	241	27	32677	35911	39508	42745	0.0	4370
MSU_Chr8_2852169_2940417	Tumba_Chr8_2801382_2909076	96.983	2254	49	15	45222	47468	56029	58270	0.0	3768
MSU_Chr8_2852169_2940417	Tumba_Chr8_2801382_2909076	97.249	1636	32	10	49381	51010	59459	61087	0.0	2760
MSU_Chr8_2852169_2940417	Tumba_Chr8_2801382_2909076	97.417	1200	21	4	47525	48723	58271	59461	0.0	2036
MSU_Chr8_2852169_2940417	Tumba_Chr8_2801382_2909076	96.892	1094	30	4	44022	45112	54947	56039	0.0	1829
MSU_Chr8_2852169_2940417	Tumba_Chr8_2801382_2909076	81.715	2029	255	58	52227	54171	77121	79117	0.0	1585
MSU_Chr8_2852169_2940417	Tumba_Chr8_2801382_2909076	80.586	2220	283	79	57477	59660	71448	73555	0.0	1576
MSU_Chr8_2852169_2940417	Tumba_Chr8_2801382_2909076	95.730	562	8	5	5415	5961	5447	6007	0.0	891
MSU_Chr8_2852169_2940417	Tumba_Chr8_2801382_2909076	90.566	583	51	3	26639	27217	36909	37491	0.0	769
MSU_Chr8_2852169_2940417	Tumba_Chr8_2801382_2909076	95.536	448	12	8	42221	42664	54508	54951	0.0	710
MSU_Chr8_2852169_2940417	Tumba_Chr8_2801382_2909076	84.006	619	75	13	27613	28216	37661	38270	2.05e-163	573
MSU_Chr8_2852169_2940417	Tumba_Chr8_2801382_2909076	92.211	398	22	7	7726	8122	7812	8201	7.44e-158	555
MSU_Chr8_2852169_2940417	Tumba_Chr8_2801382_2909076	97.188	320	7	2	42039	42356	70574	70255	2.08e-153	540
MSU_Chr8_2852169_2940417	Tumba_Chr8_2801382_2909076	94.921	315	12	4	50874	51187	61753	61442	2.13e-138	490
MSU_Chr8_2852169_2940417	Tumba_Chr8_2801382_2909076	91.541	331	20	7	42039	42365	54235	54561	3.61e-126	449
MSU_Chr8_2852169_2940417	Tumba_Chr8_2801382_2909076	91.071	336	19	10	50874	51203	54552	54222	1.68e-124	444
MSU_Chr8_2852169_2940417	Tumba_Chr8_2801382_2909076	89.053	338	20	6	42032	42365	61357	61033	2.85e-112	403
MSU_Chr8_2852169_2940417	Tumba_Chr8_2801382_2909076	92.647	272	16	2	951	1220	1	270	7.98e-108	388
MSU_Chr8_2852169_2940417	Tumba_Chr8_2801382_2909076	92.647	272	16	2	1	270	951	1220	7.98e-108	388
MSU_Chr8_2852169_2940417	Tumba_Chr8_2801382_2909076	89.408	321	17	6	50874	51190	61042	61349	7.98e-108	388
MSU_Chr8_2852169_2940417	Tumba_Chr8_2801382_2909076	90.385	260	20	3	40754	41012	44169	44424	2.93e-92	337
MSU_Chr8_2852169_2940417	Tumba_Chr8_2801382_2909076	84.594	357	34	6	36384	36740	43446	43781	1.05e-91	335
MSU_Chr8_2852169_2940417	Tumba_Chr8_2801382_2909076	93.780	209	9	3	36147	36352	43115	43322	1.78e-84	311
MSU_Chr8_2852169_2940417	Tumba_Chr8_2801382_2909076	84.375	320	28	13	61532	61844	83821	84125	1.79e-79	294
MSU_Chr8_2852169_2940417	Tumba_Chr8_2801382_2909076	84.062	320	29	13	64395	64699	80957	81269	8.33e-78	289
MSU_Chr8_2852169_2940417	Tumba_Chr8_2801382_2909076	88.163	245	24	2	37245	37484	30972	31216	3.00e-77	287
MSU_Chr8_2852169_2940417	Tumba_Chr8_2801382_2909076	86.283	226	25	3	35927	36146	42852	43077	2.37e-63	241
MSU_Chr8_2852169_2940417	Tumba_Chr8_2801382_2909076	95.683	139	3	1	42221	42356	61087	60949	3.08e-57	220
MSU_Chr8_2852169_2940417	Tumba_Chr8_2801382_2909076	95.620	137	3	3	50874	51010	54641	54508	3.99e-56	217
MSU_Chr8_2852169_2940417	Tumba_Chr8_2801382_2909076	84.977	213	25	5	76426	76632	89603	89814	6.67e-54	209
MSU_Chr8_2852169_2940417	Tumba_Chr8_2801382_2909076	93.388	121	7	1	76630	76750	87585	87466	1.88e-44	178
MSU_Chr8_2852169_2940417	Tumba_Chr8_2801382_2909076	93.388	121	7	1	68039	68158	96188	96068	1.88e-44	178
MSU_Chr8_2852169_2940417	Tumba_Chr8_2801382_2909076	83.511	188	31	0	77936	78123	83781	83594	6.76e-44	176
MSU_Chr8_2852169_2940417	Tumba_Chr8_2801382_2909076	81.592	201	35	2	64168	64367	97560	97361	1.46e-40	165
MSU_Chr8_2852169_2940417	Tumba_Chr8_2801382_2909076	90.265	113	10	1	28341	28453	38254	38365	5.30e-35	147
MSU_Chr8_2852169_2940417	Tumba_Chr8_2801382_2909076	89.565	115	12	0	76629	76743	89743	89857	5.30e-35	147
MSU_Chr8_2852169_2940417	Tumba_Chr8_2801382_2909076	98.611	72	0	1	76629	76700	96000	96070	6.91e-29	126
MSU_Chr8_2852169_2940417	Tumba_Chr8_2801382_2909076	89.796	98	9	1	40602	40698	43950	44047	2.49e-28	124
MSU_Chr8_2852169_2940417	Tumba_Chr8_2801382_2909076	100.000	67	0	0	76566	76632	96072	96138	2.49e-28	124
MSU_Chr8_2852169_2940417	Tumba_Chr8_2801382_2909076	95.455	66	3	0	62144	62209	79754	79819	9.00e-23	106
MSU_Chr8_2852169_2940417	Tumba_Chr8_2801382_2909076	95.455	66	3	0	60297	60362	81570	81635	9.00e-23	106
MSU_Chr8_2852169_2940417	Tumba_Chr8_2801382_2909076	80.741	135	18	6	62225	62353	79891	80023	1.51e-20	99.0
MSU_Chr8_2852169_2940417	Tumba_Chr8_2801382_2909076	80.741	135	18	6	60434	60566	81651	81779	1.51e-20	99.0
MSU_Chr8_2852169_2940417	Tumba_Chr8_2801382_2909076	100.000	48	0	0	77313	77360	96799	96846	9.07e-18	89.8
MSU_Chr8_2852169_2940417	Tumba_Chr8_2801382_2909076	97.917	48	1	0	77361	77408	96751	96798	4.22e-16	84.2
MSU_Chr8_2852169_2940417	Tumba_Chr8_2801382_2909076	77.551	147	22	10	57074	57214	80678	80819	1.96e-14	78.7
MSU_Chr8_2852169_2940417	Tumba_Chr8_2801382_2909076	85.714	70	8	2	61221	61290	76519	76586	9.13e-13	73.1
