MSU_Chr1_2667952_2697085	Oru_Chr1_2359418_2533692	97.332	9857	123	35	19368	29134	10110	19916	0.0	16617
MSU_Chr1_2667952_2697085	Oru_Chr1_2359418_2533692	99.802	7565	14	1	1	7564	3098	10662	0.0	13886
MSU_Chr1_2667952_2697085	Oru_Chr1_2359418_2533692	92.019	3546	257	11	14056	17589	5087	8618	0.0	4957
MSU_Chr1_2667952_2697085	Oru_Chr1_2359418_2533692	79.764	3469	616	58	20603	24041	150536	147124	0.0	2438
MSU_Chr1_2667952_2697085	Oru_Chr1_2359418_2533692	79.531	3195	583	53	20703	23872	172038	168890	0.0	2211
MSU_Chr1_2667952_2697085	Oru_Chr1_2359418_2533692	79.662	2719	500	45	21240	23934	159590	156901	0.0	1908
MSU_Chr1_2667952_2697085	Oru_Chr1_2359418_2533692	95.529	917	29	4	18424	19335	9201	10110	0.0	1456
MSU_Chr1_2667952_2697085	Oru_Chr1_2359418_2533692	83.263	1428	193	23	20699	22112	153246	151851	0.0	1271
MSU_Chr1_2667952_2697085	Oru_Chr1_2359418_2533692	90.011	901	61	24	18539	19430	155651	154771	0.0	1138
MSU_Chr1_2667952_2697085	Oru_Chr1_2359418_2533692	91.132	857	37	15	26383	27221	3369	4204	0.0	1125
MSU_Chr1_2667952_2697085	Oru_Chr1_2359418_2533692	91.015	857	38	16	271	1106	17140	17978	0.0	1120
MSU_Chr1_2667952_2697085	Oru_Chr1_2359418_2533692	94.142	734	28	12	25005	25729	1	728	0.0	1103
MSU_Chr1_2667952_2697085	Oru_Chr1_2359418_2533692	91.343	797	47	11	6218	7007	155651	154870	0.0	1070
MSU_Chr1_2667952_2697085	Oru_Chr1_2359418_2533692	89.605	683	48	10	25728	26396	962	1635	0.0	846
MSU_Chr1_2667952_2697085	Oru_Chr1_2359418_2533692	92.164	587	40	4	18817	19400	161992	161409	0.0	824
MSU_Chr1_2667952_2697085	Oru_Chr1_2359418_2533692	90.328	641	43	14	6357	6989	140605	139976	0.0	822
MSU_Chr1_2667952_2697085	Oru_Chr1_2359418_2533692	89.410	661	44	21	18667	19312	140625	139976	0.0	809
MSU_Chr1_2667952_2697085	Oru_Chr1_2359418_2533692	95.136	514	22	2	6494	7007	161992	161482	0.0	808
MSU_Chr1_2667952_2697085	Oru_Chr1_2359418_2533692	99.771	436	1	0	7565	8000	10727	11162	0.0	800
MSU_Chr1_2667952_2697085	Oru_Chr1_2359418_2533692	86.620	568	28	13	17856	18407	8673	9208	5.06e-167	584
MSU_Chr1_2667952_2697085	Oru_Chr1_2359418_2533692	89.384	471	37	6	13387	13855	4464	4923	6.55e-166	580
MSU_Chr1_2667952_2697085	Oru_Chr1_2359418_2533692	86.455	347	22	15	20583	20926	142160	141836	1.20e-98	357
MSU_Chr1_2667952_2697085	Oru_Chr1_2359418_2533692	86.786	280	26	8	19132	19409	174275	174005	5.71e-82	302
MSU_Chr1_2667952_2697085	Oru_Chr1_2359418_2533692	94.709	189	10	0	6809	6997	174275	174087	9.56e-80	294
MSU_Chr1_2667952_2697085	Oru_Chr1_2359418_2533692	79.724	217	31	4	20918	21134	141487	141284	1.02e-34	145
MSU_Chr1_2667952_2697085	Oru_Chr1_2359418_2533692	100.000	42	0	0	201	242	3258	3299	1.05e-14	78.7
MSU_Chr1_2667952_2697085	Oru_Chr1_2359418_2533692	100.000	42	0	0	160	201	3299	3340	1.05e-14	78.7
