MSU_Chr1_2667952_2697085	Oru_Chr1_2359418_2379333	97.332	9857	123	35	19368	29134	10110	19916	0.0	16617
MSU_Chr1_2667952_2697085	Oru_Chr1_2359418_2379333	99.802	7565	14	1	1	7564	3098	10662	0.0	13886
MSU_Chr1_2667952_2697085	Oru_Chr1_2359418_2379333	92.019	3546	257	11	14056	17589	5087	8618	0.0	4957
MSU_Chr1_2667952_2697085	Oru_Chr1_2359418_2379333	95.529	917	29	4	18424	19335	9201	10110	0.0	1456
MSU_Chr1_2667952_2697085	Oru_Chr1_2359418_2379333	91.132	857	37	15	26383	27221	3369	4204	0.0	1125
MSU_Chr1_2667952_2697085	Oru_Chr1_2359418_2379333	91.015	857	38	16	271	1106	17140	17978	0.0	1120
MSU_Chr1_2667952_2697085	Oru_Chr1_2359418_2379333	94.142	734	28	12	25005	25729	1	728	0.0	1103
MSU_Chr1_2667952_2697085	Oru_Chr1_2359418_2379333	89.605	683	48	10	25728	26396	962	1635	0.0	846
MSU_Chr1_2667952_2697085	Oru_Chr1_2359418_2379333	99.771	436	1	0	7565	8000	10727	11162	0.0	800
MSU_Chr1_2667952_2697085	Oru_Chr1_2359418_2379333	86.620	568	28	13	17856	18407	8673	9208	5.78e-168	584
MSU_Chr1_2667952_2697085	Oru_Chr1_2359418_2379333	89.384	471	37	6	13387	13855	4464	4923	7.48e-167	580
MSU_Chr1_2667952_2697085	Oru_Chr1_2359418_2379333	100.000	42	0	0	201	242	3258	3299	1.20e-15	78.7
MSU_Chr1_2667952_2697085	Oru_Chr1_2359418_2379333	100.000	42	0	0	160	201	3299	3340	1.20e-15	78.7
