MSU_Chr3_35647669_35741607	Oru_Chr3_33771547_33815517	99.243	19420	61	24	1594	20984	1633	20995	0.0	34969
MSU_Chr3_35647669_35741607	Oru_Chr3_33771547_33815517	99.132	8065	50	11	20996	29054	21036	29086	0.0	14488
MSU_Chr3_35647669_35741607	Oru_Chr3_33771547_33815517	98.623	7334	59	13	40048	47375	29935	37232	0.0	12946
MSU_Chr3_35647669_35741607	Oru_Chr3_33771547_33815517	90.937	3531	257	37	47371	50874	37492	40986	0.0	4689
MSU_Chr3_35647669_35741607	Oru_Chr3_33771547_33815517	90.561	2532	207	12	81952	84458	38419	40943	0.0	3323
MSU_Chr3_35647669_35741607	Oru_Chr3_33771547_33815517	99.658	1753	6	0	82897	84649	42219	43971	0.0	3205
MSU_Chr3_35647669_35741607	Oru_Chr3_33771547_33815517	99.701	1673	5	0	1	1673	1	1673	0.0	3062
MSU_Chr3_35647669_35741607	Oru_Chr3_33771547_33815517	90.112	1780	160	10	66409	68177	39212	40986	0.0	2298
MSU_Chr3_35647669_35741607	Oru_Chr3_33771547_33815517	90.169	1597	119	15	49242	50834	42218	43780	0.0	2045
MSU_Chr3_35647669_35741607	Oru_Chr3_33771547_33815517	88.517	1585	148	18	66564	68137	42219	43780	0.0	1888
MSU_Chr3_35647669_35741607	Oru_Chr3_33771547_33815517	85.494	1751	222	18	64646	66381	37484	39217	0.0	1797
MSU_Chr3_35647669_35741607	Oru_Chr3_33771547_33815517	98.870	708	2	2	29047	29754	29238	29939	0.0	1258
MSU_Chr3_35647669_35741607	Oru_Chr3_33771547_33815517	90.011	921	76	7	78788	79707	37492	38397	0.0	1177
MSU_Chr3_35647669_35741607	Oru_Chr3_33771547_33815517	94.542	568	20	6	73067	73629	34379	34940	0.0	867
MSU_Chr3_35647669_35741607	Oru_Chr3_33771547_33815517	89.263	475	47	4	78320	78792	36760	37232	2.46e-169	592
MSU_Chr3_35647669_35741607	Oru_Chr3_33771547_33815517	90.411	438	23	9	74119	74551	34942	35365	2.50e-159	558
MSU_Chr3_35647669_35741607	Oru_Chr3_33771547_33815517	86.985	461	60	0	64188	64648	36760	37220	1.18e-147	520
MSU_Chr3_35647669_35741607	Oru_Chr3_33771547_33815517	90.489	368	10	12	55976	56318	32966	33333	2.01e-130	462
MSU_Chr3_35647669_35741607	Oru_Chr3_33771547_33815517	87.719	285	28	3	74547	74826	35691	35973	2.76e-89	326
MSU_Chr3_35647669_35741607	Oru_Chr3_33771547_33815517	93.789	161	6	3	72717	72875	32246	32404	3.70e-63	239
MSU_Chr3_35647669_35741607	Oru_Chr3_33771547_33815517	99.083	109	1	0	56321	56429	33398	33506	2.26e-50	196
