MSU_Chr3_35647669_35741607	Oru_Chr3_33771548_33822973	99.243	19420	61	24	1594	20984	1632	20994	0.0	34969
MSU_Chr3_35647669_35741607	Oru_Chr3_33771548_33822973	99.132	8065	50	11	20996	29054	21035	29085	0.0	14488
MSU_Chr3_35647669_35741607	Oru_Chr3_33771548_33822973	99.224	7474	30	14	86433	93883	43958	51426	0.0	13455
MSU_Chr3_35647669_35741607	Oru_Chr3_33771548_33822973	98.623	7334	59	13	40048	47375	29934	37231	0.0	12946
MSU_Chr3_35647669_35741607	Oru_Chr3_33771548_33822973	90.937	3531	257	37	47371	50874	37491	40985	0.0	4689
MSU_Chr3_35647669_35741607	Oru_Chr3_33771548_33822973	90.561	2532	207	12	81952	84458	38418	40942	0.0	3323
MSU_Chr3_35647669_35741607	Oru_Chr3_33771548_33822973	99.658	1753	6	0	82897	84649	42218	43970	0.0	3205
MSU_Chr3_35647669_35741607	Oru_Chr3_33771548_33822973	99.701	1672	5	0	2	1673	1	1672	0.0	3061
MSU_Chr3_35647669_35741607	Oru_Chr3_33771548_33822973	90.112	1780	160	10	66409	68177	39211	40985	0.0	2298
MSU_Chr3_35647669_35741607	Oru_Chr3_33771548_33822973	90.169	1597	119	15	49242	50834	42217	43779	0.0	2045
MSU_Chr3_35647669_35741607	Oru_Chr3_33771548_33822973	88.517	1585	148	18	66564	68137	42218	43779	0.0	1888
MSU_Chr3_35647669_35741607	Oru_Chr3_33771548_33822973	85.494	1751	222	18	64646	66381	37483	39216	0.0	1797
MSU_Chr3_35647669_35741607	Oru_Chr3_33771548_33822973	98.870	708	2	2	29047	29754	29237	29938	0.0	1258
MSU_Chr3_35647669_35741607	Oru_Chr3_33771548_33822973	90.011	921	76	7	78788	79707	37491	38396	0.0	1177
MSU_Chr3_35647669_35741607	Oru_Chr3_33771548_33822973	94.542	568	20	6	73067	73629	34378	34939	0.0	867
MSU_Chr3_35647669_35741607	Oru_Chr3_33771548_33822973	89.263	475	47	4	78320	78792	36759	37231	2.88e-169	592
MSU_Chr3_35647669_35741607	Oru_Chr3_33771548_33822973	90.411	438	23	9	74119	74551	34941	35364	2.92e-159	558
MSU_Chr3_35647669_35741607	Oru_Chr3_33771548_33822973	86.985	461	60	0	64188	64648	36759	37219	1.38e-147	520
MSU_Chr3_35647669_35741607	Oru_Chr3_33771548_33822973	90.489	368	10	12	55976	56318	32965	33332	2.36e-130	462
MSU_Chr3_35647669_35741607	Oru_Chr3_33771548_33822973	87.742	310	33	5	86933	87239	45093	45400	1.14e-98	357
MSU_Chr3_35647669_35741607	Oru_Chr3_33771548_33822973	87.719	285	28	3	74547	74826	35690	35972	3.23e-89	326
MSU_Chr3_35647669_35741607	Oru_Chr3_33771548_33822973	93.789	161	6	3	72717	72875	32245	32403	4.32e-63	239
MSU_Chr3_35647669_35741607	Oru_Chr3_33771548_33822973	82.463	268	43	4	59584	59850	44039	44303	7.23e-61	231
MSU_Chr3_35647669_35741607	Oru_Chr3_33771548_33822973	99.083	109	1	0	56321	56429	33397	33505	2.64e-50	196
