N22_Chr8_2448857_2536717	MSU_Chr8_2852169_2940417	99.238	8396	42	10	31092	39476	32384	40768	0.0	15130
N22_Chr8_2448857_2536717	MSU_Chr8_2852169_2940417	96.343	6371	149	33	81538	87861	81916	88249	0.0	10397
N22_Chr8_2448857_2536717	MSU_Chr8_2852169_2940417	97.274	6016	105	15	22401	28381	23855	29846	0.0	10146
N22_Chr8_2448857_2536717	MSU_Chr8_2852169_2940417	98.745	5418	51	7	10001	15405	1	5414	0.0	9612
N22_Chr8_2448857_2536717	MSU_Chr8_2852169_2940417	97.613	5028	67	15	55426	60448	8887	13866	0.0	8571
N22_Chr8_2448857_2536717	MSU_Chr8_2852169_2940417	98.145	4581	71	10	62040	66616	14992	19562	0.0	7976
N22_Chr8_2448857_2536717	MSU_Chr8_2852169_2940417	97.819	4126	69	4	18299	22404	19781	23905	0.0	7101
N22_Chr8_2448857_2536717	MSU_Chr8_2852169_2940417	98.776	3759	33	6	40773	44522	51191	54945	0.0	6674
N22_Chr8_2448857_2536717	MSU_Chr8_2852169_2940417	97.576	3301	58	5	46074	49373	56272	59551	0.0	5633
N22_Chr8_2448857_2536717	MSU_Chr8_2852169_2940417	98.261	2703	33	6	28471	31165	29690	32386	0.0	4719
N22_Chr8_2448857_2536717	MSU_Chr8_2852169_2940417	97.223	2485	41	14	75125	77607	72561	75019	0.0	4181
N22_Chr8_2448857_2536717	MSU_Chr8_2852169_2940417	94.103	1967	58	25	67718	69653	65321	67260	0.0	2937
N22_Chr8_2448857_2536717	MSU_Chr8_2852169_2940417	96.307	1408	39	6	16659	18066	6829	8223	0.0	2300
N22_Chr8_2448857_2536717	MSU_Chr8_2852169_2940417	97.859	1308	12	4	39489	40782	40733	42038	0.0	2246
N22_Chr8_2448857_2536717	MSU_Chr8_2852169_2940417	96.435	1178	36	6	44576	45752	54912	56084	0.0	1938
N22_Chr8_2448857_2536717	MSU_Chr8_2852169_2940417	99.049	1052	9	1	15436	16487	5415	6465	0.0	1886
N22_Chr8_2448857_2536717	MSU_Chr8_2852169_2940417	92.976	1267	25	20	70597	71816	68331	69580	0.0	1788
N22_Chr8_2448857_2536717	MSU_Chr8_2852169_2940417	81.068	2097	265	67	41645	43644	57477	59538	0.0	1552
N22_Chr8_2448857_2536717	MSU_Chr8_2852169_2940417	85.983	1170	138	17	48205	49365	52921	54073	0.0	1229
N22_Chr8_2448857_2536717	MSU_Chr8_2852169_2940417	93.121	785	20	10	53774	54549	62881	63640	0.0	1120
N22_Chr8_2448857_2536717	MSU_Chr8_2852169_2940417	96.951	656	16	3	61455	62108	14753	15406	0.0	1098
N22_Chr8_2448857_2536717	MSU_Chr8_2852169_2940417	87.835	970	52	48	60449	61382	13837	14776	0.0	1077
N22_Chr8_2448857_2536717	MSU_Chr8_2852169_2940417	92.477	771	14	11	69690	70446	67260	68000	0.0	1062
N22_Chr8_2448857_2536717	MSU_Chr8_2852169_2940417	97.545	611	13	2	72899	73509	70496	71104	0.0	1044
N22_Chr8_2448857_2536717	MSU_Chr8_2852169_2940417	89.251	828	35	17	74226	75039	71757	72544	0.0	987
N22_Chr8_2448857_2536717	MSU_Chr8_2852169_2940417	91.033	736	24	14	80013	80743	78207	78905	0.0	955
N22_Chr8_2448857_2536717	MSU_Chr8_2852169_2940417	93.038	632	22	16	52017	52630	60908	61535	0.0	904
N22_Chr8_2448857_2536717	MSU_Chr8_2852169_2940417	76.750	1557	304	38	458	1983	5211	3682	0.0	817
N22_Chr8_2448857_2536717	MSU_Chr8_2852169_2940417	88.191	669	49	15	66924	67585	64679	65324	0.0	771
N22_Chr8_2448857_2536717	MSU_Chr8_2852169_2940417	93.217	516	31	3	73691	74202	71099	71614	0.0	756
N22_Chr8_2448857_2536717	MSU_Chr8_2852169_2940417	95.208	480	11	5	81065	81535	81175	81651	0.0	749
N22_Chr8_2448857_2536717	MSU_Chr8_2852169_2940417	93.217	516	21	8	79486	79990	77361	77873	0.0	747
N22_Chr8_2448857_2536717	MSU_Chr8_2852169_2940417	89.207	593	55	5	71999	72584	69847	70437	0.0	732
N22_Chr8_2448857_2536717	MSU_Chr8_2852169_2940417	94.191	482	11	3	78054	78518	75625	76106	0.0	719
N22_Chr8_2448857_2536717	MSU_Chr8_2852169_2940417	94.336	459	19	6	78963	79416	76820	77276	0.0	697
N22_Chr8_2448857_2536717	MSU_Chr8_2852169_2940417	96.627	415	14	0	61868	62282	14992	15406	0.0	689
N22_Chr8_2448857_2536717	MSU_Chr8_2852169_2940417	95.443	395	7	2	77640	78025	75014	75406	2.12e-177	619
N22_Chr8_2448857_2536717	MSU_Chr8_2852169_2940417	93.443	366	18	4	9908	10271	859	1220	6.11e-153	538
N22_Chr8_2448857_2536717	MSU_Chr8_2852169_2940417	96.530	317	8	3	50276	50591	60258	60572	6.15e-148	521
N22_Chr8_2448857_2536717	MSU_Chr8_2852169_2940417	80.677	709	84	28	47478	48160	52227	52908	8.02e-142	501
N22_Chr8_2448857_2536717	MSU_Chr8_2852169_2940417	97.213	287	5	2	78593	78877	76105	76390	2.90e-136	483
N22_Chr8_2448857_2536717	MSU_Chr8_2852169_2940417	93.056	288	7	5	54940	55215	64395	64681	5.00e-114	409
N22_Chr8_2448857_2536717	MSU_Chr8_2852169_2940417	96.735	245	4	2	61694	61936	15164	15406	6.47e-113	405
N22_Chr8_2448857_2536717	MSU_Chr8_2852169_2940417	85.788	387	43	7	2830	3213	2870	2493	3.01e-111	399
N22_Chr8_2448857_2536717	MSU_Chr8_2852169_2940417	92.674	273	15	2	10952	11222	1	270	6.51e-108	388
N22_Chr8_2448857_2536717	MSU_Chr8_2852169_2940417	94.466	253	12	2	18064	18314	8569	8821	6.51e-108	388
N22_Chr8_2448857_2536717	MSU_Chr8_2852169_2940417	93.827	243	13	1	62214	62456	14992	15232	1.10e-100	364
N22_Chr8_2448857_2536717	MSU_Chr8_2852169_2940417	91.860	258	7	7	52962	53208	61587	61841	1.11e-95	348
N22_Chr8_2448857_2536717	MSU_Chr8_2852169_2940417	91.288	264	10	3	80719	80974	80922	81180	1.11e-95	348
N22_Chr8_2448857_2536717	MSU_Chr8_2852169_2940417	90.625	256	14	9	52966	53218	64457	64705	1.11e-90	331
N22_Chr8_2448857_2536717	MSU_Chr8_2852169_2940417	83.651	367	32	17	54579	54941	63630	63972	2.41e-87	320
N22_Chr8_2448857_2536717	MSU_Chr8_2852169_2940417	95.722	187	7	1	29543	29728	29510	29696	3.14e-81	300
N22_Chr8_2448857_2536717	MSU_Chr8_2852169_2940417	100.000	159	0	0	16486	16644	6564	6722	1.46e-79	294
N22_Chr8_2448857_2536717	MSU_Chr8_2852169_2940417	95.187	187	8	1	28049	28235	30761	30946	1.46e-79	294
N22_Chr8_2448857_2536717	MSU_Chr8_2852169_2940417	90.995	211	13	4	8807	9012	652	861	4.09e-75	279
N22_Chr8_2448857_2536717	MSU_Chr8_2852169_2940417	78.431	459	69	20	59594	60037	13133	13576	6.84e-73	272
N22_Chr8_2448857_2536717	MSU_Chr8_2852169_2940417	83.819	309	24	14	54929	55215	61521	61825	2.46e-72	270
N22_Chr8_2448857_2536717	MSU_Chr8_2852169_2940417	87.398	246	15	7	50039	50269	59878	60122	8.85e-72	268
N22_Chr8_2448857_2536717	MSU_Chr8_2852169_2940417	77.872	470	72	22	59703	60157	13024	13476	4.12e-70	263
N22_Chr8_2448857_2536717	MSU_Chr8_2852169_2940417	93.714	175	11	0	66750	66924	19607	19781	4.12e-70	263
N22_Chr8_2448857_2536717	MSU_Chr8_2852169_2940417	94.118	170	9	1	45849	46018	56083	56251	1.92e-68	257
N22_Chr8_2448857_2536717	MSU_Chr8_2852169_2940417	84.420	276	26	8	49776	50045	59585	59849	6.89e-68	255
N22_Chr8_2448857_2536717	MSU_Chr8_2852169_2940417	83.121	314	14	10	53224	53527	62073	62357	3.21e-66	250
N22_Chr8_2448857_2536717	MSU_Chr8_2852169_2940417	83.600	250	33	5	72353	72597	68273	68027	1.50e-59	228
N22_Chr8_2448857_2536717	MSU_Chr8_2852169_2940417	96.992	133	3	1	55334	55465	8886	9018	6.99e-58	222
N22_Chr8_2448857_2536717	MSU_Chr8_2852169_2940417	91.111	135	11	1	87727	87861	35972	36105	1.19e-45	182
N22_Chr8_2448857_2536717	MSU_Chr8_2852169_2940417	94.783	115	6	0	79419	79533	77246	77360	4.27e-45	180
N22_Chr8_2448857_2536717	MSU_Chr8_2852169_2940417	97.059	102	3	0	55211	55312	8802	8903	7.14e-43	172
N22_Chr8_2448857_2536717	MSU_Chr8_2852169_2940417	92.857	98	5	2	78883	78979	76788	76884	2.01e-33	141
N22_Chr8_2448857_2536717	MSU_Chr8_2852169_2940417	95.000	80	4	0	60451	60530	13798	13877	5.64e-29	126
N22_Chr8_2448857_2536717	MSU_Chr8_2852169_2940417	88.288	111	4	3	4288	4397	561	663	2.03e-28	124
N22_Chr8_2448857_2536717	MSU_Chr8_2852169_2940417	93.902	82	5	0	60449	60530	13875	13794	2.03e-28	124
N22_Chr8_2448857_2536717	MSU_Chr8_2852169_2940417	94.366	71	2	1	61694	61764	15338	15406	2.04e-23	108
N22_Chr8_2448857_2536717	MSU_Chr8_2852169_2940417	94.030	67	3	1	50314	50380	62144	62209	3.42e-21	100
N22_Chr8_2448857_2536717	MSU_Chr8_2852169_2940417	83.186	113	10	5	55426	55537	19606	19710	1.59e-19	95.3
N22_Chr8_2448857_2536717	MSU_Chr8_2852169_2940417	80.153	131	19	5	50460	50588	62232	62357	2.06e-18	91.6
N22_Chr8_2448857_2536717	MSU_Chr8_2852169_2940417	86.747	83	8	2	53217	53298	60195	60275	7.40e-18	89.8
N22_Chr8_2448857_2536717	MSU_Chr8_2852169_2940417	81.081	111	13	7	52330	52436	57074	57180	1.24e-15	82.4
N22_Chr8_2448857_2536717	MSU_Chr8_2852169_2940417	78.723	141	12	5	60375	60501	13922	13786	1.60e-14	78.7
N22_Chr8_2448857_2536717	MSU_Chr8_2852169_2940417	89.831	59	6	0	60375	60433	8887	8945	5.76e-14	76.8
N22_Chr8_2448857_2536717	MSU_Chr8_2852169_2940417	85.714	70	8	2	46876	46943	61221	61290	7.45e-13	73.1
N22_Chr8_2448857_2536717	MSU_Chr8_2852169_2940417	88.679	53	5	1	72606	72658	70444	70495	4.48e-10	63.9
