Oau_Chr3_85743492_85791506	Obr_3_29203169_29266726	89.334	3469	254	61	2802	6214	2406	5814	0.0	4250
Oau_Chr3_85743492_85791506	Obr_3_29203169_29266726	90.980	1929	153	9	14136	16054	13274	15191	0.0	2579
Oau_Chr3_85743492_85791506	Obr_3_29203169_29266726	84.298	2662	289	70	44381	46990	59985	62569	0.0	2481
Oau_Chr3_85743492_85791506	Obr_3_29203169_29266726	83.719	2420	231	91	11595	13928	10933	13275	0.0	2135
Oau_Chr3_85743492_85791506	Obr_3_29203169_29266726	82.826	2364	232	72	31164	33450	35966	38232	0.0	1956
Oau_Chr3_85743492_85791506	Obr_3_29203169_29266726	89.060	1170	82	26	18691	19839	17926	19070	0.0	1410
Oau_Chr3_85743492_85791506	Obr_3_29203169_29266726	86.242	1083	86	38	28748	29796	31483	32536	0.0	1116
Oau_Chr3_85743492_85791506	Obr_3_29203169_29266726	87.108	892	89	18	47059	47941	62610	63484	0.0	987
Oau_Chr3_85743492_85791506	Obr_3_29203169_29266726	88.062	645	56	11	26912	27546	29176	29809	0.0	745
Oau_Chr3_85743492_85791506	Obr_3_29203169_29266726	79.673	1161	99	60	9283	10386	8509	9589	0.0	710
Oau_Chr3_85743492_85791506	Obr_3_29203169_29266726	82.220	838	110	24	25056	25871	27774	28594	0.0	686
Oau_Chr3_85743492_85791506	Obr_3_29203169_29266726	87.478	559	48	13	43590	44140	59367	59911	1.79e-179	625
Oau_Chr3_85743492_85791506	Obr_3_29203169_29266726	83.283	664	76	22	24365	25004	26919	27571	1.42e-165	579
Oau_Chr3_85743492_85791506	Obr_3_29203169_29266726	83.920	653	47	30	10753	11360	10063	10702	2.37e-163	571
Oau_Chr3_85743492_85791506	Obr_3_29203169_29266726	87.403	516	42	13	42219	42717	57673	58182	2.37e-163	571
Oau_Chr3_85743492_85791506	Obr_3_29203169_29266726	84.854	581	53	20	17255	17807	16600	17173	8.59e-158	553
Oau_Chr3_85743492_85791506	Obr_3_29203169_29266726	90.840	393	34	2	42972	43362	58692	59084	1.87e-149	525
Oau_Chr3_85743492_85791506	Obr_3_29203169_29266726	85.265	509	41	24	242	723	1	502	5.28e-140	494
Oau_Chr3_85743492_85791506	Obr_3_29203169_29266726	85.714	469	42	14	18304	18759	17646	18102	2.47e-133	472
Oau_Chr3_85743492_85791506	Obr_3_29203169_29266726	84.534	472	32	19	33697	34165	38496	38929	1.51e-120	429
Oau_Chr3_85743492_85791506	Obr_3_29203169_29266726	93.750	240	13	2	17840	18078	17311	17549	2.01e-99	359
Oau_Chr3_85743492_85791506	Obr_3_29203169_29266726	81.588	277	36	6	22242	22509	25901	26171	4.60e-56	215
Oau_Chr3_85743492_85791506	Obr_3_29203169_29266726	80.122	327	27	24	30684	31004	34675	34969	2.14e-54	209
Oau_Chr3_85743492_85791506	Obr_3_29203169_29266726	84.722	216	17	6	8663	8865	7968	8180	3.58e-52	202
Oau_Chr3_85743492_85791506	Obr_3_29203169_29266726	91.667	144	12	0	22054	22197	25748	25891	1.29e-51	200
Oau_Chr3_85743492_85791506	Obr_3_29203169_29266726	81.250	272	16	8	10403	10644	9640	9906	1.00e-47	187
Oau_Chr3_85743492_85791506	Obr_3_29203169_29266726	86.207	174	13	5	27476	27648	29845	30008	6.04e-45	178
Oau_Chr3_85743492_85791506	Obr_3_29203169_29266726	80.357	280	16	25	7828	8102	7439	7684	2.17e-44	176
Oau_Chr3_85743492_85791506	Obr_3_29203169_29266726	78.947	247	41	11	2497	2740	2151	2389	7.87e-39	158
Oau_Chr3_85743492_85791506	Obr_3_29203169_29266726	82.353	187	18	8	18657	18836	17926	18104	4.73e-36	148
Oau_Chr3_85743492_85791506	Obr_3_29203169_29266726	76.433	314	37	17	39513	39806	48683	48979	3.69e-32	135
Oau_Chr3_85743492_85791506	Obr_3_29203169_29266726	76.736	288	37	11	39493	39755	49762	50044	1.33e-31	134
Oau_Chr3_85743492_85791506	Obr_3_29203169_29266726	95.890	73	3	0	18802	18874	17926	17998	3.71e-27	119
Oau_Chr3_85743492_85791506	Obr_3_29203169_29266726	89.888	89	5	4	8527	8613	7878	7964	6.21e-25	111
Oau_Chr3_85743492_85791506	Obr_3_29203169_29266726	83.333	114	8	6	18764	18874	17928	18033	6.25e-20	95.3
Oau_Chr3_85743492_85791506	Obr_3_29203169_29266726	89.062	64	2	2	47934	47997	63492	63550	8.15e-14	75.0
Oau_Chr3_85743492_85791506	Obr_3_29203169_29266726	97.297	37	1	0	40412	40448	40959	40995	1.76e-10	63.9
Oau_Chr3_85743492_85791506	Obr_3_29203169_29266726	97.297	37	1	0	40412	40448	50177	50213	1.76e-10	63.9
