Oau_Chr11_59681101_59777953	Obr_11_17011892_17119956	87.277	2633	228	58	94216	96828	105520	108065	0.0	2907
Oau_Chr11_59681101_59777953	Obr_11_17011892_17119956	84.273	1774	227	34	66172	67927	95937	97676	0.0	1683
Oau_Chr11_59681101_59777953	Obr_11_17011892_17119956	88.151	1325	152	3	2	1322	1	1324	0.0	1572
Oau_Chr11_59681101_59777953	Obr_11_17011892_17119956	86.319	1323	159	15	7807	9114	4891	6206	0.0	1421
Oau_Chr11_59681101_59777953	Obr_11_17011892_17119956	82.774	1608	185	53	92574	94150	103941	105487	0.0	1351
Oau_Chr11_59681101_59777953	Obr_11_17011892_17119956	89.259	1080	101	5	90666	91743	102007	103073	0.0	1338
Oau_Chr11_59681101_59777953	Obr_11_17011892_17119956	82.100	1419	208	25	9141	10535	6194	7590	0.0	1171
Oau_Chr11_59681101_59777953	Obr_11_17011892_17119956	83.361	1226	142	28	45846	47021	15294	16507	0.0	1077
Oau_Chr11_59681101_59777953	Obr_11_17011892_17119956	83.911	1125	155	13	40379	41487	10246	11360	0.0	1051
Oau_Chr11_59681101_59777953	Obr_11_17011892_17119956	86.299	978	115	12	89883	90845	101291	102264	0.0	1046
Oau_Chr11_59681101_59777953	Obr_11_17011892_17119956	80.941	1275	207	27	31848	33092	53122	54390	0.0	976
Oau_Chr11_59681101_59777953	Obr_11_17011892_17119956	81.163	929	132	25	6765	7672	3644	4550	0.0	706
Oau_Chr11_59681101_59777953	Obr_11_17011892_17119956	86.391	654	73	13	65458	66099	94915	95564	0.0	701
Oau_Chr11_59681101_59777953	Obr_11_17011892_17119956	84.292	643	77	13	91877	92515	103322	103944	2.23e-173	606
Oau_Chr11_59681101_59777953	Obr_11_17011892_17119956	84.000	550	70	8	44266	44804	14628	15170	5.00e-145	512
Oau_Chr11_59681101_59777953	Obr_11_17011892_17119956	83.558	371	52	6	8753	9115	23400	23769	8.98e-93	339
Oau_Chr11_59681101_59777953	Obr_11_17011892_17119956	81.046	459	50	15	2814	3260	2019	2452	1.50e-90	331
Oau_Chr11_59681101_59777953	Obr_11_17011892_17119956	84.326	319	47	2	2149	2464	1543	1861	7.04e-84	309
