Oba_1_2429713_2598239	Ogla_1_2295977_2463930	99.757	140935	168	56	1	140860	1	140835	0.0	2.582e+05
Oba_1_2429713_2598239	Ogla_1_2295977_2463930	99.551	25613	52	8	142793	168368	142368	167954	0.0	46603
Oba_1_2429713_2598239	Ogla_1_2295977_2463930	98.920	1574	16	1	141225	142798	140832	142404	0.0	2811
Oba_1_2429713_2598239	Ogla_1_2295977_2463930	80.486	3249	561	54	162825	166030	150750	153968	0.0	2420
Oba_1_2429713_2598239	Ogla_1_2295977_2463930	79.737	3198	577	61	144085	147236	162461	165633	0.0	2250
Oba_1_2429713_2598239	Ogla_1_2295977_2463930	79.729	3172	577	55	162879	166029	143690	146816	0.0	2235
Oba_1_2429713_2598239	Ogla_1_2295977_2463930	81.406	2716	461	34	151145	153840	162407	165098	0.0	2178
Oba_1_2429713_2598239	Ogla_1_2295977_2463930	87.470	1644	146	36	96597	98191	105468	107100	0.0	1840
Oba_1_2429713_2598239	Ogla_1_2295977_2463930	87.409	1644	147	33	105492	107124	96574	98168	0.0	1834
Oba_1_2429713_2598239	Ogla_1_2295977_2463930	79.090	2726	513	46	151144	153838	143617	146316	0.0	1823
Oba_1_2429713_2598239	Ogla_1_2295977_2463930	79.106	2728	509	50	144012	146711	150749	153443	0.0	1823
Oba_1_2429713_2598239	Ogla_1_2295977_2463930	81.338	1988	321	37	143889	145856	20035	18078	0.0	1570
Oba_1_2429713_2598239	Ogla_1_2295977_2463930	81.178	1987	323	39	18073	20027	145461	143494	0.0	1550
Oba_1_2429713_2598239	Ogla_1_2295977_2463930	87.236	1277	101	30	79164	80415	65410	66649	0.0	1399
Oba_1_2429713_2598239	Ogla_1_2295977_2463930	87.157	1277	102	31	65434	66673	79136	80387	0.0	1393
Oba_1_2429713_2598239	Ogla_1_2295977_2463930	84.435	1362	184	17	164679	166017	18077	16721	0.0	1315
Oba_1_2429713_2598239	Ogla_1_2295977_2463930	84.423	1361	183	17	16719	18072	165599	164261	0.0	1312
Oba_1_2429713_2598239	Ogla_1_2295977_2463930	84.107	1271	141	33	132545	133772	135019	136271	0.0	1171
Oba_1_2429713_2598239	Ogla_1_2295977_2463930	84.041	1272	140	35	135031	136283	132534	133761	0.0	1166
Oba_1_2429713_2598239	Ogla_1_2295977_2463930	86.148	1119	95	22	64990	66067	58054	59153	0.0	1153
Oba_1_2429713_2598239	Ogla_1_2295977_2463930	86.148	1119	95	22	58076	59175	64966	66043	0.0	1153
Oba_1_2429713_2598239	Ogla_1_2295977_2463930	91.365	857	35	16	8765	9600	22354	23192	0.0	1136
Oba_1_2429713_2598239	Ogla_1_2295977_2463930	91.249	857	36	15	22359	23197	8765	9600	0.0	1131
Oba_1_2429713_2598239	Ogla_1_2295977_2463930	78.054	1850	366	33	151153	152979	19910	18078	0.0	1131
Oba_1_2429713_2598239	Ogla_1_2295977_2463930	77.928	1853	366	35	18073	19905	152584	150755	0.0	1116
Oba_1_2429713_2598239	Ogla_1_2295977_2463930	93.597	734	30	13	20982	21704	5394	6121	0.0	1079
Oba_1_2429713_2598239	Ogla_1_2295977_2463930	93.597	734	30	13	5394	6121	20977	21699	0.0	1079
Oba_1_2429713_2598239	Ogla_1_2295977_2463930	88.164	904	69	23	149028	149905	15448	14557	0.0	1042
Oba_1_2429713_2598239	Ogla_1_2295977_2463930	88.164	904	69	23	14555	15446	149510	148633	0.0	1042
Oba_1_2429713_2598239	Ogla_1_2295977_2463930	91.713	724	43	6	73126	73845	62113	62823	0.0	989
Oba_1_2429713_2598239	Ogla_1_2295977_2463930	91.575	724	44	6	62135	62845	73098	73817	0.0	983
Oba_1_2429713_2598239	Ogla_1_2295977_2463930	86.570	901	78	17	73971	74843	64521	65406	0.0	953
Oba_1_2429713_2598239	Ogla_1_2295977_2463930	86.283	904	77	19	64543	65430	73943	74815	0.0	939
Oba_1_2429713_2598239	Ogla_1_2295977_2463930	87.093	829	101	2	145876	146698	18086	17258	0.0	933
Oba_1_2429713_2598239	Ogla_1_2295977_2463930	76.370	1807	382	39	18073	19858	164232	162450	0.0	929
Oba_1_2429713_2598239	Ogla_1_2295977_2463930	76.327	1808	384	38	162868	164650	19866	18078	0.0	928
Oba_1_2429713_2598239	Ogla_1_2295977_2463930	86.972	829	99	3	17256	18081	146303	145481	0.0	924
Oba_1_2429713_2598239	Ogla_1_2295977_2463930	89.023	747	53	16	167799	168527	155279	156014	0.0	898
Oba_1_2429713_2598239	Ogla_1_2295977_2463930	85.576	825	111	7	153008	153826	18077	17255	0.0	857
Oba_1_2429713_2598239	Ogla_1_2295977_2463930	93.849	569	28	3	155684	156247	167385	167951	0.0	850
Oba_1_2429713_2598239	Ogla_1_2295977_2463930	85.252	834	112	8	17253	18081	153431	152604	0.0	848
Oba_1_2429713_2598239	Ogla_1_2295977_2463930	89.443	682	52	9	21703	22372	6356	7029	0.0	843
Oba_1_2429713_2598239	Ogla_1_2295977_2463930	79.597	1289	172	47	58079	59312	51868	53120	0.0	839
Oba_1_2429713_2598239	Ogla_1_2295977_2463930	79.628	1291	168	50	51888	53140	58057	59290	0.0	839
Oba_1_2429713_2598239	Ogla_1_2295977_2463930	89.296	682	53	9	6356	7029	21698	22367	0.0	837
Oba_1_2429713_2598239	Ogla_1_2295977_2463930	92.784	582	30	6	155676	156246	15418	14838	0.0	832
Oba_1_2429713_2598239	Ogla_1_2295977_2463930	92.256	594	35	8	14832	15425	167954	167372	0.0	832
Oba_1_2429713_2598239	Ogla_1_2295977_2463930	86.922	757	75	19	167786	168527	15427	14680	0.0	828
Oba_1_2429713_2598239	Ogla_1_2295977_2463930	92.612	582	31	6	14836	15416	155841	155271	0.0	826
Oba_1_2429713_2598239	Ogla_1_2295977_2463930	89.214	649	46	17	137891	138530	15329	14696	0.0	789
Oba_1_2429713_2598239	Ogla_1_2295977_2463930	88.906	649	48	17	14694	15327	138512	137873	0.0	778
Oba_1_2429713_2598239	Ogla_1_2295977_2463930	92.377	551	26	7	149085	149625	155297	155841	0.0	771
Oba_1_2429713_2598239	Ogla_1_2295977_2463930	94.970	497	16	3	137891	138387	155353	155840	0.0	771
Oba_1_2429713_2598239	Ogla_1_2295977_2463930	89.550	622	42	14	167825	168437	148696	149303	0.0	767
Oba_1_2429713_2598239	Ogla_1_2295977_2463930	94.769	497	17	3	155758	156245	137873	138369	0.0	765
Oba_1_2429713_2598239	Ogla_1_2295977_2463930	92.196	551	27	7	155702	156246	148690	149230	0.0	765
Oba_1_2429713_2598239	Ogla_1_2295977_2463930	92.000	550	27	9	149091	149629	167411	167954	0.0	756
Oba_1_2429713_2598239	Ogla_1_2295977_2463930	93.825	502	22	6	137891	138392	167462	167954	0.0	747
Oba_1_2429713_2598239	Ogla_1_2295977_2463930	93.638	503	23	6	167876	168369	137873	138375	0.0	743
Oba_1_2429713_2598239	Ogla_1_2295977_2463930	84.939	737	51	22	100576	101267	94402	95123	0.0	691
Oba_1_2429713_2598239	Ogla_1_2295977_2463930	86.916	642	51	23	149150	149769	137880	138510	0.0	689
Oba_1_2429713_2598239	Ogla_1_2295977_2463930	84.803	737	52	23	94428	95149	100551	101242	0.0	686
Oba_1_2429713_2598239	Ogla_1_2295977_2463930	86.595	649	54	23	137891	138528	148748	149374	0.0	686
Oba_1_2429713_2598239	Ogla_1_2295977_2463930	86.025	644	64	20	79168	79797	58522	59153	0.0	667
Oba_1_2429713_2598239	Ogla_1_2295977_2463930	85.848	643	67	18	58544	59175	79140	79769	0.0	662
Oba_1_2429713_2598239	Ogla_1_2295977_2463930	82.876	619	90	11	146752	147361	17172	16561	1.72e-153	542
Oba_1_2429713_2598239	Ogla_1_2295977_2463930	82.876	619	90	11	16559	17170	146966	146357	1.72e-153	542
Oba_1_2429713_2598239	Ogla_1_2295977_2463930	82.643	628	86	12	64763	65386	51644	52252	2.89e-151	534
Oba_1_2429713_2598239	Ogla_1_2295977_2463930	82.643	628	86	12	51664	52272	64739	65362	2.89e-151	534
Oba_1_2429713_2598239	Ogla_1_2295977_2463930	79.703	808	108	27	65459	66240	52343	53120	1.04e-150	532
Oba_1_2429713_2598239	Ogla_1_2295977_2463930	79.703	808	108	27	52363	53140	65435	66216	1.04e-150	532
Oba_1_2429713_2598239	Ogla_1_2295977_2463930	85.501	469	37	14	74395	74843	58056	58513	4.97e-129	460
Oba_1_2429713_2598239	Ogla_1_2295977_2463930	91.354	347	14	4	66859	67196	59154	59493	4.97e-129	460
Oba_1_2429713_2598239	Ogla_1_2295977_2463930	91.354	347	14	4	59176	59515	66831	67168	4.97e-129	460
Oba_1_2429713_2598239	Ogla_1_2295977_2463930	85.501	469	37	14	58078	58535	74367	74815	4.97e-129	460
Oba_1_2429713_2598239	Ogla_1_2295977_2463930	79.004	743	99	35	52431	53140	79217	79935	2.31e-127	455
Oba_1_2429713_2598239	Ogla_1_2295977_2463930	78.898	744	98	38	79245	79963	52411	53120	1.08e-125	449
Oba_1_2429713_2598239	Ogla_1_2295977_2463930	83.137	510	67	10	73900	74393	57394	57900	3.87e-125	448
Oba_1_2429713_2598239	Ogla_1_2295977_2463930	83.137	510	67	10	57416	57922	73872	74365	3.87e-125	448
Oba_1_2429713_2598239	Ogla_1_2295977_2463930	85.679	405	36	12	107649	108034	98541	98942	6.56e-113	407
Oba_1_2429713_2598239	Ogla_1_2295977_2463930	85.679	405	36	12	98565	98966	107625	108010	6.56e-113	407
Oba_1_2429713_2598239	Ogla_1_2295977_2463930	84.000	450	39	10	57500	57926	64528	64967	3.05e-111	401
Oba_1_2429713_2598239	Ogla_1_2295977_2463930	83.628	452	39	9	64550	64991	57478	57904	1.84e-108	392
Oba_1_2429713_2598239	Ogla_1_2295977_2463930	89.547	287	27	3	74913	75198	84063	84347	5.18e-99	361
Oba_1_2429713_2598239	Ogla_1_2295977_2463930	88.502	287	30	3	84093	84377	74885	75170	5.22e-94	344
Oba_1_2429713_2598239	Ogla_1_2295977_2463930	83.333	384	44	16	51057	51431	62103	62475	8.73e-92	337
Oba_1_2429713_2598239	Ogla_1_2295977_2463930	83.516	364	22	17	103894	104240	103755	104097	2.46e-82	305
Oba_1_2429713_2598239	Ogla_1_2295977_2463930	83.516	364	22	15	103779	104121	103870	104216	2.46e-82	305
Oba_1_2429713_2598239	Ogla_1_2295977_2463930	88.618	246	24	4	57675	57919	51620	51862	1.48e-79	296
Oba_1_2429713_2598239	Ogla_1_2295977_2463930	88.618	246	24	4	51640	51882	57653	57897	1.48e-79	296
Oba_1_2429713_2598239	Ogla_1_2295977_2463930	89.333	225	22	2	103998	104222	103755	103977	4.15e-75	281
Oba_1_2429713_2598239	Ogla_1_2295977_2463930	89.333	225	22	2	103779	104001	103974	104198	4.15e-75	281
Oba_1_2429713_2598239	Ogla_1_2295977_2463930	83.444	302	44	5	136494	136791	136793	136494	1.93e-73	276
Oba_1_2429713_2598239	Ogla_1_2295977_2463930	96.894	161	5	0	67782	67942	67535	67695	8.99e-72	270
Oba_1_2429713_2598239	Ogla_1_2295977_2463930	96.894	161	5	0	67563	67723	67754	67914	8.99e-72	270
Oba_1_2429713_2598239	Ogla_1_2295977_2463930	78.959	461	39	29	70896	71337	70806	71227	5.41e-69	261
Oba_1_2429713_2598239	Ogla_1_2295977_2463930	79.140	465	31	33	70834	71255	70868	71309	5.41e-69	261
Oba_1_2429713_2598239	Ogla_1_2295977_2463930	88.152	211	24	1	1722	1932	1019	810	1.17e-65	250
Oba_1_2429713_2598239	Ogla_1_2295977_2463930	88.462	208	23	1	813	1019	1929	1722	1.17e-65	250
Oba_1_2429713_2598239	Ogla_1_2295977_2463930	79.427	384	55	16	73123	73498	51049	51416	1.17e-65	250
Oba_1_2429713_2598239	Ogla_1_2295977_2463930	79.427	384	55	16	51064	51431	73095	73470	1.17e-65	250
Oba_1_2429713_2598239	Ogla_1_2295977_2463930	93.865	163	10	0	67246	67408	61236	61398	1.51e-64	246
Oba_1_2429713_2598239	Ogla_1_2295977_2463930	93.865	163	10	0	61258	61420	67218	67380	1.51e-64	246
Oba_1_2429713_2598239	Ogla_1_2295977_2463930	81.341	343	24	18	70967	71297	70806	71120	1.96e-63	243
Oba_1_2429713_2598239	Ogla_1_2295977_2463930	81.449	345	20	21	70834	71148	70939	71269	1.96e-63	243
Oba_1_2429713_2598239	Ogla_1_2295977_2463930	79.189	370	42	20	66878	67225	66098	66454	7.10e-58	224
Oba_1_2429713_2598239	Ogla_1_2295977_2463930	79.189	370	42	20	66122	66478	66850	67197	7.10e-58	224
Oba_1_2429713_2598239	Ogla_1_2295977_2463930	92.308	156	8	2	29828	29981	29970	29817	3.30e-56	219
Oba_1_2429713_2598239	Ogla_1_2295977_2463930	82.927	246	35	6	66125	66366	59176	59418	4.27e-55	215
Oba_1_2429713_2598239	Ogla_1_2295977_2463930	82.927	246	35	6	59198	59440	66101	66342	4.27e-55	215
Oba_1_2429713_2598239	Ogla_1_2295977_2463930	81.452	248	25	12	20555	20791	1	238	1.20e-45	183
Oba_1_2429713_2598239	Ogla_1_2295977_2463930	81.452	248	25	12	1	238	20550	20786	1.20e-45	183
Oba_1_2429713_2598239	Ogla_1_2295977_2463930	97.170	106	3	0	69990	70095	61545	61650	1.56e-44	180
Oba_1_2429713_2598239	Ogla_1_2295977_2463930	97.170	106	3	0	61567	61672	69962	70067	1.56e-44	180
Oba_1_2429713_2598239	Ogla_1_2295977_2463930	80.077	261	21	13	71048	71298	70820	71059	4.36e-40	165
Oba_1_2429713_2598239	Ogla_1_2295977_2463930	79.693	261	22	13	70848	71087	71020	71270	2.03e-38	159
Oba_1_2429713_2598239	Ogla_1_2295977_2463930	83.607	183	13	8	56358	56537	50880	51048	2.63e-37	156
Oba_1_2429713_2598239	Ogla_1_2295977_2463930	83.607	183	13	8	50895	51063	56336	56515	2.63e-37	156
Oba_1_2429713_2598239	Ogla_1_2295977_2463930	82.249	169	18	6	29824	29980	66821	66653	3.42e-31	135
Oba_1_2429713_2598239	Ogla_1_2295977_2463930	89.524	105	11	0	66677	66781	29969	29865	1.23e-30	134
Oba_1_2429713_2598239	Ogla_1_2295977_2463930	84.397	141	14	5	66860	67000	52988	53120	4.42e-30	132
Oba_1_2429713_2598239	Ogla_1_2295977_2463930	84.397	141	14	5	53008	53140	66832	66972	4.42e-30	132
Oba_1_2429713_2598239	Ogla_1_2295977_2463930	81.818	165	18	7	29829	29981	66653	66817	5.72e-29	128
Oba_1_2429713_2598239	Ogla_1_2295977_2463930	80.982	163	23	6	25977	26139	29970	29816	2.66e-27	122
Oba_1_2429713_2598239	Ogla_1_2295977_2463930	98.529	68	1	0	160485	160552	160145	160212	9.58e-27	121
Oba_1_2429713_2598239	Ogla_1_2295977_2463930	80.368	163	24	6	29827	29981	26131	25969	1.24e-25	117
Oba_1_2429713_2598239	Ogla_1_2295977_2463930	86.667	105	14	0	66677	66781	29818	29922	1.24e-25	117
Oba_1_2429713_2598239	Ogla_1_2295977_2463930	85.965	114	11	4	62407	62515	56929	57042	1.24e-25	117
Oba_1_2429713_2598239	Ogla_1_2295977_2463930	85.965	114	11	4	56951	57064	62385	62493	1.24e-25	117
Oba_1_2429713_2598239	Ogla_1_2295977_2463930	98.462	65	1	0	160550	160614	160080	160144	4.46e-25	115
Oba_1_2429713_2598239	Ogla_1_2295977_2463930	85.217	115	12	4	73408	73518	56929	57042	1.60e-24	113
Oba_1_2429713_2598239	Ogla_1_2295977_2463930	84.348	115	13	4	56951	57064	73380	73490	7.46e-23	108
Oba_1_2429713_2598239	Ogla_1_2295977_2463930	95.385	65	3	0	67719	67783	67316	67380	9.64e-22	104
Oba_1_2429713_2598239	Ogla_1_2295977_2463930	95.385	65	3	0	67344	67408	67691	67755	9.64e-22	104
Oba_1_2429713_2598239	Ogla_1_2295977_2463930	89.474	76	8	0	58002	58077	29892	29817	1.61e-19	97.1
Oba_1_2429713_2598239	Ogla_1_2295977_2463930	89.474	76	8	0	29828	29903	58055	57980	1.61e-19	97.1
Oba_1_2429713_2598239	Ogla_1_2295977_2463930	76.667	210	25	17	71093	71298	70806	70995	5.80e-19	95.3
Oba_1_2429713_2598239	Ogla_1_2295977_2463930	76.190	210	26	17	70834	71023	71065	71270	2.70e-17	89.8
Oba_1_2429713_2598239	Ogla_1_2295977_2463930	91.667	60	4	1	8987	9046	22506	22564	4.52e-15	82.4
Oba_1_2429713_2598239	Ogla_1_2295977_2463930	91.667	60	4	1	22580	22639	22506	22564	4.52e-15	82.4
Oba_1_2429713_2598239	Ogla_1_2295977_2463930	97.674	43	1	0	71256	71298	70820	70862	7.56e-13	75.0
Oba_1_2429713_2598239	Ogla_1_2295977_2463930	97.674	43	1	0	70848	70890	71228	71270	7.56e-13	75.0
