Oba_3_34542374_34599425	Ogla_3_34825877_34882926	99.967	57055	11	7	1	57052	1	57050	0.0	1.052e+05
Oba_3_34542374_34599425	Ogla_3_34825877_34882926	95.592	794	21	5	21260	22048	15783	16567	0.0	1260
Oba_3_34542374_34599425	Ogla_3_34825877_34882926	95.592	794	21	5	15783	16567	21260	22048	0.0	1260
Oba_3_34542374_34599425	Ogla_3_34825877_34882926	95.072	345	13	4	49878	50219	49543	49886	7.13e-154	540
Oba_3_34542374_34599425	Ogla_3_34825877_34882926	95.072	345	13	4	49544	49887	49877	50218	7.13e-154	540
Oba_3_34542374_34599425	Ogla_3_34825877_34882926	76.483	927	147	51	49499	50389	49423	50314	2.68e-123	438
Oba_3_34542374_34599425	Ogla_3_34825877_34882926	76.483	927	147	51	49424	50315	49498	50388	2.68e-123	438
Oba_3_34542374_34599425	Ogla_3_34825877_34882926	96.682	211	6	1	21024	21234	15592	15801	1.29e-96	350
Oba_3_34542374_34599425	Ogla_3_34825877_34882926	96.682	211	6	1	15592	15801	21024	21234	1.29e-96	350
Oba_3_34542374_34599425	Ogla_3_34825877_34882926	78.054	442	60	27	49873	50295	49463	49886	6.26e-65	244
