Oba_11_26334582_26487986	Ogla_11_25604153_25824296	98.271	10698	118	19	140104	150761	206867	217537	0.0	18668
Oba_11_26334582_26487986	Ogla_11_25604153_25824296	98.470	9346	118	15	50991	60330	842	10168	0.0	16443
Oba_11_26334582_26487986	Ogla_11_25604153_25824296	97.669	7765	107	26	60323	68045	10197	17929	0.0	13269
Oba_11_26334582_26487986	Ogla_11_25604153_25824296	98.805	6610	60	7	77669	84269	30508	37107	0.0	11751
Oba_11_26334582_26487986	Ogla_11_25604153_25824296	96.523	7133	148	32	106725	113783	62973	70079	0.0	11707
Oba_11_26334582_26487986	Ogla_11_25604153_25824296	97.417	4065	50	24	84511	88543	37106	41147	0.0	6874
Oba_11_26334582_26487986	Ogla_11_25604153_25824296	98.729	3854	31	7	73711	77561	26669	30507	0.0	6830
Oba_11_26334582_26487986	Ogla_11_25604153_25824296	99.689	3535	10	1	70456	73990	23135	26668	0.0	6466
Oba_11_26334582_26487986	Ogla_11_25604153_25824296	96.663	3836	88	18	102487	106307	59169	62979	0.0	6338
Oba_11_26334582_26487986	Ogla_11_25604153_25824296	99.273	2612	16	1	150797	153405	217533	220144	0.0	4715
Oba_11_26334582_26487986	Ogla_11_25604153_25824296	98.855	2359	12	5	68119	70474	17931	20277	0.0	4193
Oba_11_26334582_26487986	Ogla_11_25604153_25824296	97.631	2111	44	2	96986	99090	47817	49927	0.0	3616
Oba_11_26334582_26487986	Ogla_11_25604153_25824296	88.637	2737	171	69	120910	123601	76521	79162	0.0	3203
Oba_11_26334582_26487986	Ogla_11_25604153_25824296	88.538	2312	222	25	135790	138094	190616	192891	0.0	2761
Oba_11_26334582_26487986	Ogla_11_25604153_25824296	92.152	1975	91	35	115809	117752	72062	74003	0.0	2730
Oba_11_26334582_26487986	Ogla_11_25604153_25824296	92.869	1739	68	21	99122	100812	54641	56371	0.0	2473
Oba_11_26334582_26487986	Ogla_11_25604153_25824296	96.371	1488	45	5	118223	119704	74246	75730	0.0	2440
Oba_11_26334582_26487986	Ogla_11_25604153_25824296	85.487	2260	285	19	5669	7906	59450	61688	0.0	2316
Oba_11_26334582_26487986	Ogla_11_25604153_25824296	94.307	1370	60	7	64541	65900	68677	70038	0.0	2082
Oba_11_26334582_26487986	Ogla_11_25604153_25824296	93.845	1381	61	8	112368	113734	14405	15775	0.0	2058
Oba_11_26334582_26487986	Ogla_11_25604153_25824296	84.550	2013	278	24	5701	7688	24421	26425	0.0	1964
Oba_11_26334582_26487986	Ogla_11_25604153_25824296	97.471	1107	20	5	90376	91478	41284	42386	0.0	1882
Oba_11_26334582_26487986	Ogla_11_25604153_25824296	83.787	1986	287	19	71770	73746	59511	61470	0.0	1851
Oba_11_26334582_26487986	Ogla_11_25604153_25824296	83.585	1986	291	18	102827	104786	24449	26425	0.0	1829
Oba_11_26334582_26487986	Ogla_11_25604153_25824296	91.529	1275	60	21	101229	102483	57883	59129	0.0	1712
Oba_11_26334582_26487986	Ogla_11_25604153_25824296	89.691	1329	97	16	110570	111875	12164	13475	0.0	1659
Oba_11_26334582_26487986	Ogla_11_25604153_25824296	84.810	1659	240	7	1	1653	48265	49917	0.0	1657
Oba_11_26334582_26487986	Ogla_11_25604153_25824296	89.691	1329	96	17	62290	63601	66861	68165	0.0	1657
Oba_11_26334582_26487986	Ogla_11_25604153_25824296	90.738	1274	61	29	114105	115357	16562	17799	0.0	1646
Oba_11_26334582_26487986	Ogla_11_25604153_25824296	86.230	1220	148	12	5697	6906	5291	6500	0.0	1304
Oba_11_26334582_26487986	Ogla_11_25604153_25824296	86.031	1217	155	10	55443	56651	59479	60688	0.0	1291
Oba_11_26334582_26487986	Ogla_11_25604153_25824296	85.961	1218	154	12	102795	104004	5289	6497	0.0	1286
Oba_11_26334582_26487986	Ogla_11_25604153_25824296	92.162	842	35	15	66674	67503	70687	71509	0.0	1160
Oba_11_26334582_26487986	Ogla_11_25604153_25824296	86.778	1074	94	16	93214	94261	43077	44128	0.0	1153
Oba_11_26334582_26487986	Ogla_11_25604153_25824296	78.744	1736	334	27	2	1721	35323	37039	0.0	1129
Oba_11_26334582_26487986	Ogla_11_25604153_25824296	88.624	923	46	25	114046	114947	70625	71509	0.0	1068
Oba_11_26334582_26487986	Ogla_11_25604153_25824296	83.166	1194	173	20	55473	56648	24445	25628	0.0	1066
Oba_11_26334582_26487986	Ogla_11_25604153_25824296	83.054	1192	174	20	71766	72947	5319	6492	0.0	1057
Oba_11_26334582_26487986	Ogla_11_25604153_25824296	87.861	865	102	3	72940	73803	6524	7386	0.0	1013
Oba_11_26334582_26487986	Ogla_11_25604153_25824296	87.847	864	103	2	56678	57540	25619	26481	0.0	1013
Oba_11_26334582_26487986	Ogla_11_25604153_25824296	83.824	1088	134	30	134258	135309	188865	189946	0.0	996
Oba_11_26334582_26487986	Ogla_11_25604153_25824296	95.620	548	10	7	115193	115730	71520	72063	0.0	867
Oba_11_26334582_26487986	Ogla_11_25604153_25824296	78.781	1296	208	30	126886	128141	183119	184387	0.0	808
Oba_11_26334582_26487986	Ogla_11_25604153_25824296	90.223	583	16	11	120079	120647	75730	76285	0.0	723
Oba_11_26334582_26487986	Ogla_11_25604153_25824296	82.878	806	126	5	6893	7688	6527	7330	0.0	713
Oba_11_26334582_26487986	Ogla_11_25604153_25824296	82.882	812	117	13	56678	57484	60676	61470	0.0	710
Oba_11_26334582_26487986	Ogla_11_25604153_25824296	82.635	812	119	10	103992	104786	6524	7330	0.0	699
Oba_11_26334582_26487986	Ogla_11_25604153_25824296	84.405	731	76	20	95491	96216	46178	46875	0.0	684
Oba_11_26334582_26487986	Ogla_11_25604153_25824296	87.545	554	55	13	107961	108509	64771	64227	1.54e-179	628
Oba_11_26334582_26487986	Ogla_11_25604153_25824296	89.600	500	27	14	96227	96707	46929	47422	1.55e-174	612
Oba_11_26334582_26487986	Ogla_11_25604153_25824296	79.381	873	140	23	4647	5490	58265	59126	1.57e-164	579
Oba_11_26334582_26487986	Ogla_11_25604153_25824296	84.668	587	63	12	112400	112980	116887	117452	5.68e-159	560
Oba_11_26334582_26487986	Ogla_11_25604153_25824296	87.158	475	52	2	94249	94714	44363	44837	4.45e-150	531
Oba_11_26334582_26487986	Ogla_11_25604153_25824296	83.705	583	71	13	64555	65130	116887	117452	1.60e-149	529
Oba_11_26334582_26487986	Ogla_11_25604153_25824296	87.500	448	22	11	91643	92069	42614	43048	9.78e-137	486
Oba_11_26334582_26487986	Ogla_11_25604153_25824296	86.761	423	39	7	94718	95127	45181	45599	2.76e-127	455
Oba_11_26334582_26487986	Ogla_11_25604153_25824296	79.758	662	77	36	60884	61527	65323	65945	6.01e-119	427
Oba_11_26334582_26487986	Ogla_11_25604153_25824296	79.937	633	76	28	113105	113722	117517	118113	3.62e-116	418
Oba_11_26334582_26487986	Ogla_11_25604153_25824296	91.696	289	12	7	50722	50999	163	450	7.89e-108	390
Oba_11_26334582_26487986	Ogla_11_25604153_25824296	82.232	439	73	5	4646	5083	3687	4121	7.94e-103	374
Oba_11_26334582_26487986	Ogla_11_25604153_25824296	88.028	284	26	4	66055	66334	70092	70371	1.74e-89	329
Oba_11_26334582_26487986	Ogla_11_25604153_25824296	82.234	394	59	9	65250	65640	117515	117900	1.74e-89	329
Oba_11_26334582_26487986	Ogla_11_25604153_25824296	85.163	337	22	11	113792	114105	15966	16297	1.05e-86	320
Oba_11_26334582_26487986	Ogla_11_25604153_25824296	87.413	286	26	5	113767	114044	70092	70375	1.05e-86	320
Oba_11_26334582_26487986	Ogla_11_25604153_25824296	86.598	291	23	8	111976	112252	13627	13915	8.17e-83	307
Oba_11_26334582_26487986	Ogla_11_25604153_25824296	79.508	488	47	26	123491	123956	105448	105904	4.92e-80	298
Oba_11_26334582_26487986	Ogla_11_25604153_25824296	85.374	294	25	10	63749	64040	68266	68543	2.96e-77	289
Oba_11_26334582_26487986	Ogla_11_25604153_25824296	90.455	220	14	3	109954	110173	11417	11629	1.38e-75	283
Oba_11_26334582_26487986	Ogla_11_25604153_25824296	90.952	210	13	3	96716	96922	47588	47794	6.41e-74	278
Oba_11_26334582_26487986	Ogla_11_25604153_25824296	86.486	259	23	5	138090	138338	193244	193500	8.29e-73	274
Oba_11_26334582_26487986	Ogla_11_25604153_25824296	87.826	230	28	0	52340	52569	70370	70599	1.07e-71	270
Oba_11_26334582_26487986	Ogla_11_25604153_25824296	91.282	195	14	1	139911	140102	206358	206552	1.79e-69	263
Oba_11_26334582_26487986	Ogla_11_25604153_25824296	95.181	166	7	1	67750	67914	71520	71685	6.45e-69	261
Oba_11_26334582_26487986	Ogla_11_25604153_25824296	88.288	222	16	5	61530	61743	66241	66460	8.35e-68	257
Oba_11_26334582_26487986	Ogla_11_25604153_25824296	77.728	449	71	13	57692	58123	27678	28114	5.02e-65	248
Oba_11_26334582_26487986	Ogla_11_25604153_25824296	77.506	449	72	14	74721	75157	7538	7969	2.34e-63	243
Oba_11_26334582_26487986	Ogla_11_25604153_25824296	94.304	158	7	2	89984	90139	41128	41285	8.41e-63	241
Oba_11_26334582_26487986	Ogla_11_25604153_25824296	87.500	200	25	0	102162	102361	23985	24184	5.06e-60	231
Oba_11_26334582_26487986	Ogla_11_25604153_25824296	84.416	231	31	3	124078	124307	112152	112378	3.04e-57	222
Oba_11_26334582_26487986	Ogla_11_25604153_25824296	80.363	331	27	22	109348	109654	11098	11414	1.42e-55	217
Oba_11_26334582_26487986	Ogla_11_25604153_25824296	85.167	209	28	3	52343	52551	130065	130270	6.59e-54	211
Oba_11_26334582_26487986	Ogla_11_25604153_25824296	90.909	154	12	2	110179	110331	64047	64199	3.07e-52	206
Oba_11_26334582_26487986	Ogla_11_25604153_25824296	85.075	201	28	2	71306	71505	58808	59007	1.10e-51	204
Oba_11_26334582_26487986	Ogla_11_25604153_25824296	76.190	462	64	27	3141	3558	37948	38407	3.97e-51	202
Oba_11_26334582_26487986	Ogla_11_25604153_25824296	82.906	234	30	4	52344	52567	44127	44360	3.97e-51	202
Oba_11_26334582_26487986	Ogla_11_25604153_25824296	95.902	122	2	1	108780	108898	10629	10750	6.64e-49	195
Oba_11_26334582_26487986	Ogla_11_25604153_25824296	88.024	167	12	2	31728	31894	1	159	8.59e-48	191
Oba_11_26334582_26487986	Ogla_11_25604153_25824296	78.788	297	49	10	51689	51975	38141	38433	1.11e-46	187
Oba_11_26334582_26487986	Ogla_11_25604153_25824296	76.276	392	65	20	135407	135787	190049	190423	1.44e-45	183
Oba_11_26334582_26487986	Ogla_11_25604153_25824296	89.116	147	14	2	123329	123475	104856	105000	5.17e-45	182
Oba_11_26334582_26487986	Ogla_11_25604153_25824296	86.391	169	19	3	110163	110329	147932	147766	5.17e-45	182
Oba_11_26334582_26487986	Ogla_11_25604153_25824296	87.037	162	17	2	119007	119166	75185	75026	1.86e-44	180
Oba_11_26334582_26487986	Ogla_11_25604153_25824296	78.114	297	51	10	85539	85831	1536	1822	2.40e-43	176
Oba_11_26334582_26487986	Ogla_11_25604153_25824296	98.913	92	1	0	60758	60849	65044	65135	5.20e-40	165
Oba_11_26334582_26487986	Ogla_11_25604153_25824296	97.872	94	2	0	106595	106688	62973	63066	1.87e-39	163
Oba_11_26334582_26487986	Ogla_11_25604153_25824296	77.305	282	58	5	134499	134774	131482	131763	6.73e-39	161
Oba_11_26334582_26487986	Ogla_11_25604153_25824296	87.681	138	12	4	37932	38067	110647	110513	3.13e-37	156
Oba_11_26334582_26487986	Ogla_11_25604153_25824296	86.131	137	18	1	107787	107922	66603	66467	1.89e-34	147
Oba_11_26334582_26487986	Ogla_11_25604153_25824296	88.095	126	11	3	37944	38067	84820	84697	1.89e-34	147
Oba_11_26334582_26487986	Ogla_11_25604153_25824296	88.095	126	11	3	37944	38067	90978	90855	1.89e-34	147
Oba_11_26334582_26487986	Ogla_11_25604153_25824296	80.612	196	26	5	65698	65881	117918	118113	8.77e-33	141
Oba_11_26334582_26487986	Ogla_11_25604153_25824296	86.364	132	10	4	108568	108695	10259	10386	1.13e-31	137
Oba_11_26334582_26487986	Ogla_11_25604153_25824296	86.364	132	10	3	60387	60514	64832	64959	1.13e-31	137
Oba_11_26334582_26487986	Ogla_11_25604153_25824296	88.000	125	4	5	62118	62241	66647	66761	1.13e-31	137
Oba_11_26334582_26487986	Ogla_11_25604153_25824296	86.508	126	13	3	46650	46773	110636	110513	4.08e-31	135
Oba_11_26334582_26487986	Ogla_11_25604153_25824296	85.714	126	14	3	46650	46773	84820	84697	1.90e-29	130
Oba_11_26334582_26487986	Ogla_11_25604153_25824296	85.714	126	14	3	46650	46773	90978	90855	1.90e-29	130
Oba_11_26334582_26487986	Ogla_11_25604153_25824296	94.667	75	4	0	139737	139811	193493	193567	1.48e-25	117
Oba_11_26334582_26487986	Ogla_11_25604153_25824296	90.698	86	8	0	57455	57540	26675	26760	5.32e-25	115
Oba_11_26334582_26487986	Ogla_11_25604153_25824296	96.774	62	1	1	123770	123831	79404	79464	4.14e-21	102
Oba_11_26334582_26487986	Ogla_11_25604153_25824296	76.316	228	30	14	59733	59939	73080	72856	1.49e-20	100
Oba_11_26334582_26487986	Ogla_11_25604153_25824296	85.263	95	13	1	52509	52603	130139	130046	1.93e-19	97.1
Oba_11_26334582_26487986	Ogla_11_25604153_25824296	75.000	240	43	11	116628	116855	11705	11939	6.93e-19	95.3
Oba_11_26334582_26487986	Ogla_11_25604153_25824296	80.000	135	17	10	49452	49580	81987	81857	8.96e-18	91.6
Oba_11_26334582_26487986	Ogla_11_25604153_25824296	80.000	135	17	10	49452	49580	88145	88015	8.96e-18	91.6
Oba_11_26334582_26487986	Ogla_11_25604153_25824296	86.364	66	9	0	115732	115797	64194	64129	3.24e-12	73.1
Oba_11_26334582_26487986	Ogla_11_25604153_25824296	87.500	64	6	2	115723	115785	147760	147822	3.24e-12	73.1
