Oba_1_2429713_2454858	Ogla_1_2295977_2321114	99.821	25154	21	7	1	25146	1	25138	0.0	46180
Oba_1_2429713_2454858	Ogla_1_2295977_2321114	91.365	857	35	16	8765	9600	22354	23192	0.0	1136
Oba_1_2429713_2454858	Ogla_1_2295977_2321114	91.249	857	36	15	22359	23197	8765	9600	0.0	1131
Oba_1_2429713_2454858	Ogla_1_2295977_2321114	93.597	734	30	13	20982	21704	5394	6121	0.0	1079
Oba_1_2429713_2454858	Ogla_1_2295977_2321114	93.597	734	30	13	5394	6121	20977	21699	0.0	1079
Oba_1_2429713_2454858	Ogla_1_2295977_2321114	89.443	682	52	9	21703	22372	6356	7029	0.0	843
Oba_1_2429713_2454858	Ogla_1_2295977_2321114	89.296	682	53	9	6356	7029	21698	22367	0.0	837
Oba_1_2429713_2454858	Ogla_1_2295977_2321114	88.152	211	24	1	1722	1932	1019	810	2.61e-67	250
Oba_1_2429713_2454858	Ogla_1_2295977_2321114	88.462	208	23	1	813	1019	1929	1722	2.61e-67	250
Oba_1_2429713_2454858	Ogla_1_2295977_2321114	81.452	248	25	12	20555	20791	1	238	2.69e-47	183
Oba_1_2429713_2454858	Ogla_1_2295977_2321114	81.452	248	25	12	1	238	20550	20786	2.69e-47	183
Oba_1_2429713_2454858	Ogla_1_2295977_2321114	91.667	60	4	1	8987	9046	22506	22564	1.01e-16	82.4
Oba_1_2429713_2454858	Ogla_1_2295977_2321114	91.667	60	4	1	22580	22639	22506	22564	1.01e-16	82.4
