Ogla_3_34825877_34882926	Oglu_3_38067820_38650737	99.016	12501	91	18	28288	40784	555800	568272	0.0	22375
Ogla_3_34825877_34882926	Oglu_3_38067820_38650737	98.329	6881	58	23	8740	15596	542658	549505	0.0	12017
Ogla_3_34825877_34882926	Oglu_3_38067820_38650737	96.406	5955	118	33	2244	8145	535576	541487	0.0	9723
Ogla_3_34825877_34882926	Oglu_3_38067820_38650737	99.037	4361	33	4	22049	26407	549498	553851	0.0	7812
Ogla_3_34825877_34882926	Oglu_3_38067820_38650737	94.029	3668	133	26	50916	54534	577170	580800	0.0	5481
Ogla_3_34825877_34882926	Oglu_3_38067820_38650737	95.645	1883	45	15	26399	28250	553921	555797	0.0	2988
Ogla_3_34825877_34882926	Oglu_3_38067820_38650737	88.521	2204	223	17	43769	45947	570962	573160	0.0	2641
Ogla_3_34825877_34882926	Oglu_3_38067820_38650737	89.166	2123	178	17	45942	48027	573188	575295	0.0	2599
Ogla_3_34825877_34882926	Oglu_3_38067820_38650737	94.320	1690	27	13	1	1632	533051	534729	0.0	2525
Ogla_3_34825877_34882926	Oglu_3_38067820_38650737	93.784	740	22	6	55338	56053	581376	582115	0.0	1090
Ogla_3_34825877_34882926	Oglu_3_38067820_38650737	95.968	620	14	5	56440	57050	582301	582918	0.0	996
Ogla_3_34825877_34882926	Oglu_3_38067820_38650737	95.545	606	10	8	8144	8743	541729	542323	0.0	953
Ogla_3_34825877_34882926	Oglu_3_38067820_38650737	93.760	625	20	7	1635	2245	534693	535312	0.0	920
Ogla_3_34825877_34882926	Oglu_3_38067820_38650737	98.276	522	9	0	54796	55317	580799	581320	0.0	915
Ogla_3_34825877_34882926	Oglu_3_38067820_38650737	87.659	551	42	9	42213	42748	568877	569416	3.27e-176	617
Ogla_3_34825877_34882926	Oglu_3_38067820_38650737	86.815	493	49	12	49991	50471	485105	484617	9.43e-152	536
Ogla_3_34825877_34882926	Oglu_3_38067820_38650737	91.582	392	26	5	49992	50376	485178	484787	3.39e-151	534
Ogla_3_34825877_34882926	Oglu_3_38067820_38650737	80.983	631	47	42	48520	49124	575753	576336	1.27e-120	433
Ogla_3_34825877_34882926	Oglu_3_38067820_38650737	86.916	321	31	9	50061	50376	485178	484864	1.32e-95	350
Ogla_3_34825877_34882926	Oglu_3_38067820_38650737	88.889	243	24	3	28045	28285	194367	194608	1.74e-79	296
Ogla_3_34825877_34882926	Oglu_3_38067820_38650737	88.843	242	25	2	28044	28285	195341	195580	1.74e-79	296
Ogla_3_34825877_34882926	Oglu_3_38067820_38650737	89.394	198	15	6	26399	26593	388447	388253	6.40e-64	244
Ogla_3_34825877_34882926	Oglu_3_38067820_38650737	84.836	244	26	9	50139	50376	485178	484940	3.85e-61	235
Ogla_3_34825877_34882926	Oglu_3_38067820_38650737	93.671	158	6	1	56288	56441	582112	582269	1.38e-60	233
Ogla_3_34825877_34882926	Oglu_3_38067820_38650737	87.940	199	18	6	26399	26594	336746	336551	1.79e-59	230
Ogla_3_34825877_34882926	Oglu_3_38067820_38650737	79.933	299	40	15	49876	50160	484993	484701	3.91e-51	202
Ogla_3_34825877_34882926	Oglu_3_38067820_38650737	83.945	218	14	7	43405	43620	382582	382384	3.04e-47	189
Ogla_3_34825877_34882926	Oglu_3_38067820_38650737	80.000	240	40	5	56051	56283	89890	89652	1.10e-41	171
Ogla_3_34825877_34882926	Oglu_3_38067820_38650737	93.103	116	7	1	43500	43615	351881	351767	3.96e-41	169
Ogla_3_34825877_34882926	Oglu_3_38067820_38650737	90.323	124	10	2	43496	43617	576633	576756	6.63e-39	161
Ogla_3_34825877_34882926	Oglu_3_38067820_38650737	80.838	167	23	7	50215	50376	485178	485016	3.13e-27	122
Ogla_3_34825877_34882926	Oglu_3_38067820_38650737	79.381	194	21	13	40814	41002	568268	568447	4.05e-26	119
