Ogla_1_2295977_2321114	Oglu_1_3042520_3068443	98.004	8716	139	19	1	8694	1	8703	0.0	15099
Ogla_1_2295977_2321114	Oglu_1_3042520_3068443	99.002	4809	33	9	10550	15351	10683	15483	0.0	8600
Ogla_1_2295977_2321114	Oglu_1_3042520_3068443	95.834	5041	122	14	16237	21195	16323	21357	0.0	8065
Ogla_1_2295977_2321114	Oglu_1_3042520_3068443	96.745	2734	30	15	15377	18086	15474	18172	0.0	4501
Ogla_1_2295977_2321114	Oglu_1_3042520_3068443	99.623	1855	7	0	8694	10548	8662	10516	0.0	3387
Ogla_1_2295977_2321114	Oglu_1_3042520_3068443	92.058	1876	76	35	22140	23997	22766	24586	0.0	2571
Ogla_1_2295977_2321114	Oglu_1_3042520_3068443	95.637	1146	35	11	23999	25138	24788	25924	0.0	1825
Ogla_1_2295977_2321114	Oglu_1_3042520_3068443	92.783	1053	40	12	21196	22230	21553	22587	0.0	1491
Ogla_1_2295977_2321114	Oglu_1_3042520_3068443	91.365	857	35	15	22354	23192	8733	9568	0.0	1136
Ogla_1_2295977_2321114	Oglu_1_3042520_3068443	91.135	846	27	14	8765	9600	22978	23785	0.0	1103
Ogla_1_2295977_2321114	Oglu_1_3042520_3068443	92.769	733	31	12	20977	21699	5409	6129	0.0	1040
Ogla_1_2295977_2321114	Oglu_1_3042520_3068443	90.029	682	48	9	21698	22367	6364	7037	0.0	865
Ogla_1_2295977_2321114	Oglu_1_3042520_3068443	92.788	513	12	9	5616	6121	21553	22047	0.0	719
Ogla_1_2295977_2321114	Oglu_1_3042520_3068443	88.073	545	36	13	6356	6883	22046	22578	1.78e-178	619
Ogla_1_2295977_2321114	Oglu_1_3042520_3068443	92.531	241	11	2	6789	7029	22758	22991	5.58e-94	339
Ogla_1_2295977_2321114	Oglu_1_3042520_3068443	91.150	226	11	5	5394	5615	21137	21357	9.48e-82	298
Ogla_1_2295977_2321114	Oglu_1_3042520_3068443	88.517	209	22	2	1722	1929	1020	813	7.48e-68	252
Ogla_1_2295977_2321114	Oglu_1_3042520_3068443	82.661	248	27	9	3	238	20704	20947	5.91e-54	206
Ogla_1_2295977_2321114	Oglu_1_3042520_3068443	82.258	248	23	11	20550	20786	1	238	1.28e-50	195
Ogla_1_2295977_2321114	Oglu_1_3042520_3068443	91.089	101	8	1	20888	20988	3421	3520	7.86e-33	135
Ogla_1_2295977_2321114	Oglu_1_3042520_3068443	89.216	102	9	2	3407	3507	21049	21149	4.73e-30	126
