Ogla_3_34825877_34882926	Oglu_3_38600870_38650737	99.016	12501	91	18	28288	40784	22750	35222	0.0	22375
Ogla_3_34825877_34882926	Oglu_3_38600870_38650737	98.329	6881	58	23	8740	15596	9608	16455	0.0	12017
Ogla_3_34825877_34882926	Oglu_3_38600870_38650737	96.406	5955	118	32	2244	8145	2526	8437	0.0	9723
Ogla_3_34825877_34882926	Oglu_3_38600870_38650737	99.037	4361	33	4	22049	26407	16448	20801	0.0	7812
Ogla_3_34825877_34882926	Oglu_3_38600870_38650737	94.029	3668	133	31	50916	54534	44120	47750	0.0	5481
Ogla_3_34825877_34882926	Oglu_3_38600870_38650737	95.645	1883	45	15	26399	28250	20871	22747	0.0	2988
Ogla_3_34825877_34882926	Oglu_3_38600870_38650737	88.521	2204	223	17	43769	45947	37912	40110	0.0	2641
Ogla_3_34825877_34882926	Oglu_3_38600870_38650737	89.166	2123	178	17	45942	48027	40138	42245	0.0	2599
Ogla_3_34825877_34882926	Oglu_3_38600870_38650737	94.320	1690	27	13	1	1632	1	1679	0.0	2525
Ogla_3_34825877_34882926	Oglu_3_38600870_38650737	93.784	740	22	6	55338	56053	48326	49065	0.0	1090
Ogla_3_34825877_34882926	Oglu_3_38600870_38650737	95.968	620	14	5	56440	57050	49251	49868	0.0	996
Ogla_3_34825877_34882926	Oglu_3_38600870_38650737	95.545	606	10	8	8144	8743	8679	9273	0.0	953
Ogla_3_34825877_34882926	Oglu_3_38600870_38650737	93.760	625	20	7	1635	2245	1643	2262	0.0	920
Ogla_3_34825877_34882926	Oglu_3_38600870_38650737	98.276	522	9	0	54796	55317	47749	48270	0.0	915
Ogla_3_34825877_34882926	Oglu_3_38600870_38650737	87.659	551	42	9	42213	42748	35827	36366	2.80e-177	617
Ogla_3_34825877_34882926	Oglu_3_38600870_38650737	80.983	631	47	42	48520	49124	42703	43286	1.09e-121	433
Ogla_3_34825877_34882926	Oglu_3_38600870_38650737	93.671	158	6	1	56288	56441	49062	49219	1.18e-61	233
Ogla_3_34825877_34882926	Oglu_3_38600870_38650737	90.323	124	10	2	43496	43617	43583	43706	5.67e-40	161
Ogla_3_34825877_34882926	Oglu_3_38600870_38650737	79.381	194	21	13	40814	41002	35218	35397	3.46e-27	119
