Ogla_11_25604153_25824296	Oglu_11_30273056_30437271	97.628	8389	139	27	58170	66525	9563	17924	0.0	14334
Ogla_11_25604153_25824296	Oglu_11_30273056_30437271	98.219	5559	88	10	206866	212417	151035	156589	0.0	9707
Ogla_11_25604153_25824296	Oglu_11_30273056_30437271	97.085	5145	75	24	212417	217532	156624	161722	0.0	8600
Ogla_11_25604153_25824296	Oglu_11_30273056_30437271	97.797	4358	64	6	190531	194886	103157	107484	0.0	7487
Ogla_11_25604153_25824296	Oglu_11_30273056_30437271	94.737	3857	138	23	180584	184420	87755	91566	0.0	5938
Ogla_11_25604153_25824296	Oglu_11_30273056_30437271	98.058	3347	37	7	67260	70603	18587	21908	0.0	5795
Ogla_11_25604153_25824296	Oglu_11_30273056_30437271	96.807	3101	71	12	203460	206554	147958	151036	0.0	5153
Ogla_11_25604153_25824296	Oglu_11_30273056_30437271	94.737	2527	78	27	172906	175387	73837	76353	0.0	3879
Ogla_11_25604153_25824296	Oglu_11_30273056_30437271	98.714	2021	23	3	218124	220144	162199	164216	0.0	3585
Ogla_11_25604153_25824296	Oglu_11_30273056_30437271	97.124	1808	40	7	175476	177272	82898	84704	0.0	3040
Ogla_11_25604153_25824296	Oglu_11_30273056_30437271	90.045	2200	113	42	54787	56922	6229	8386	0.0	2752
Ogla_11_25604153_25824296	Oglu_11_30273056_30437271	96.881	1603	39	7	200423	202017	107480	109079	0.0	2673
Ogla_11_25604153_25824296	Oglu_11_30273056_30437271	86.721	2440	263	34	47520	49927	3470	5880	0.0	2654
Ogla_11_25604153_25824296	Oglu_11_30273056_30437271	94.219	1747	61	22	177232	178949	84700	86435	0.0	2630
Ogla_11_25604153_25824296	Oglu_11_30273056_30437271	96.077	1606	48	9	188943	190534	101658	103262	0.0	2603
Ogla_11_25604153_25824296	Oglu_11_30273056_30437271	88.260	2172	222	23	134634	136791	126958	124806	0.0	2567
Ogla_11_25604153_25824296	Oglu_11_30273056_30437271	88.160	2179	218	29	134634	136791	137262	135103	0.0	2558
Ogla_11_25604153_25824296	Oglu_11_30273056_30437271	88.174	2114	219	22	134691	136791	122841	120746	0.0	2490
Ogla_11_25604153_25824296	Oglu_11_30273056_30437271	87.441	2102	225	33	134634	136713	55414	53330	0.0	2383
Ogla_11_25604153_25824296	Oglu_11_30273056_30437271	93.480	1595	72	19	185035	186614	94831	96408	0.0	2340
Ogla_11_25604153_25824296	Oglu_11_30273056_30437271	95.893	1388	19	7	178949	180310	86380	87755	0.0	2213
Ogla_11_25604153_25824296	Oglu_11_30273056_30437271	94.079	1385	55	15	14405	15782	19985	21349	0.0	2078
Ogla_11_25604153_25824296	Oglu_11_30273056_30437271	88.538	1771	112	35	176806	178554	86871	88572	0.0	2061
Ogla_11_25604153_25824296	Oglu_11_30273056_30437271	94.733	1234	52	6	202181	203402	144837	146069	0.0	1906
Ogla_11_25604153_25824296	Oglu_11_30273056_30437271	83.938	1986	284	19	24449	26425	10909	12868	0.0	1868
Ogla_11_25604153_25824296	Oglu_11_30273056_30437271	98.898	998	10	1	167090	168086	72319	73316	0.0	1781
Ogla_11_25604153_25824296	Oglu_11_30273056_30437271	86.031	1217	155	10	5289	6497	10877	12086	0.0	1291
Ogla_11_25604153_25824296	Oglu_11_30273056_30437271	88.230	1096	92	23	109197	110271	142481	143560	0.0	1275
Ogla_11_25604153_25824296	Oglu_11_30273056_30437271	93.728	861	19	13	186621	187449	96487	97344	0.0	1258
Ogla_11_25604153_25824296	Oglu_11_30273056_30437271	89.402	953	96	3	140161	141112	31420	30472	0.0	1195
Ogla_11_25604153_25824296	Oglu_11_30273056_30437271	97.794	680	6	5	66551	67226	17914	18588	0.0	1164
Ogla_11_25604153_25824296	Oglu_11_30273056_30437271	89.061	905	84	12	12578	13475	18596	19492	0.0	1109
Ogla_11_25604153_25824296	Oglu_11_30273056_30437271	90.107	839	65	14	83593	84426	142708	143533	0.0	1074
Ogla_11_25604153_25824296	Oglu_11_30273056_30437271	90.107	839	65	14	89751	90584	142708	143533	0.0	1074
Ogla_11_25604153_25824296	Oglu_11_30273056_30437271	89.030	866	68	16	168745	169597	75595	74744	0.0	1048
Ogla_11_25604153_25824296	Oglu_11_30273056_30437271	88.695	858	58	24	180590	181421	85204	86048	0.0	1011
Ogla_11_25604153_25824296	Oglu_11_30273056_30437271	89.474	798	44	10	57363	58124	8460	9253	0.0	972
Ogla_11_25604153_25824296	Oglu_11_30273056_30437271	87.265	746	95	0	141155	141900	30483	29738	0.0	852
Ogla_11_25604153_25824296	Oglu_11_30273056_30437271	85.389	835	84	23	131481	132281	34765	33935	0.0	832
Ogla_11_25604153_25824296	Oglu_11_30273056_30437271	96.579	497	14	2	172416	172909	73309	73805	0.0	821
Ogla_11_25604153_25824296	Oglu_11_30273056_30437271	98.253	458	6	2	217521	217977	161751	162207	0.0	800
Ogla_11_25604153_25824296	Oglu_11_30273056_30437271	95.579	475	20	1	202064	202538	144812	145285	0.0	760
Ogla_11_25604153_25824296	Oglu_11_30273056_30437271	88.835	618	53	10	175227	175840	87232	87837	0.0	745
Ogla_11_25604153_25824296	Oglu_11_30273056_30437271	83.251	812	114	13	6524	7330	12074	12868	0.0	726
Ogla_11_25604153_25824296	Oglu_11_30273056_30437271	91.379	522	38	6	91318	91835	144293	144811	0.0	708
Ogla_11_25604153_25824296	Oglu_11_30273056_30437271	90.996	522	40	6	85160	85677	144293	144811	0.0	697
Ogla_11_25604153_25824296	Oglu_11_30273056_30437271	93.008	472	32	1	110444	110915	143680	144150	0.0	688
Ogla_11_25604153_25824296	Oglu_11_30273056_30437271	92.161	472	36	1	84628	85099	143680	144150	0.0	665
Ogla_11_25604153_25824296	Oglu_11_30273056_30437271	92.161	472	36	1	90786	91257	143680	144150	0.0	665
Ogla_11_25604153_25824296	Oglu_11_30273056_30437271	89.942	517	43	8	110982	111493	144299	144811	0.0	658
Ogla_11_25604153_25824296	Oglu_11_30273056_30437271	89.981	519	35	7	163245	163763	47248	47749	0.0	654
Ogla_11_25604153_25824296	Oglu_11_30273056_30437271	87.342	553	57	12	64227	64771	16164	15617	2.75e-177	621
Ogla_11_25604153_25824296	Oglu_11_30273056_30437271	89.201	463	25	2	179441	179878	84238	84700	2.83e-157	555
Ogla_11_25604153_25824296	Oglu_11_30273056_30437271	88.034	468	33	11	187934	188389	99296	99752	1.33e-150	532
Ogla_11_25604153_25824296	Oglu_11_30273056_30437271	92.267	375	20	5	12164	12538	18222	18587	7.98e-148	523
Ogla_11_25604153_25824296	Oglu_11_30273056_30437271	87.583	451	53	1	116887	117334	20017	20467	1.03e-146	520
Ogla_11_25604153_25824296	Oglu_11_30273056_30437271	91.243	354	13	6	162609	162950	45058	45405	1.36e-130	466
Ogla_11_25604153_25824296	Oglu_11_30273056_30437271	88.802	384	27	3	175470	175838	84896	85278	8.21e-128	457
Ogla_11_25604153_25824296	Oglu_11_30273056_30437271	88.360	378	29	2	177441	177818	82898	83260	8.27e-123	440
Ogla_11_25604153_25824296	Oglu_11_30273056_30437271	79.821	669	71	40	10765	11414	16710	17333	1.79e-119	429
Ogla_11_25604153_25824296	Oglu_11_30273056_30437271	88.022	359	41	2	202089	202447	144929	145285	8.32e-118	424
Ogla_11_25604153_25824296	Oglu_11_30273056_30437271	79.812	639	72	28	117517	118113	20707	21330	1.80e-114	412
Ogla_11_25604153_25824296	Oglu_11_30273056_30437271	90.333	300	27	2	56933	57230	8095	8394	2.35e-108	392
Ogla_11_25604153_25824296	Oglu_11_30273056_30437271	90.378	291	28	0	57080	57370	8095	8385	1.41e-105	383
Ogla_11_25604153_25824296	Oglu_11_30273056_30437271	88.889	333	7	7	162942	163262	46883	47197	1.41e-105	383
Ogla_11_25604153_25824296	Oglu_11_30273056_30437271	81.584	505	52	19	179842	180310	84700	85199	1.83e-104	379
Ogla_11_25604153_25824296	Oglu_11_30273056_30437271	82.816	483	26	23	188501	188950	99799	100257	1.83e-104	379
Ogla_11_25604153_25824296	Oglu_11_30273056_30437271	89.925	268	26	1	202089	202356	145019	145285	6.67e-94	344
Ogla_11_25604153_25824296	Oglu_11_30273056_30437271	91.837	245	20	0	177856	178100	83258	83502	2.40e-93	342
Ogla_11_25604153_25824296	Oglu_11_30273056_30437271	91.235	251	20	2	202372	202621	144846	145095	8.62e-93	340
Ogla_11_25604153_25824296	Oglu_11_30273056_30437271	88.462	286	25	4	15935	16216	21401	21682	3.10e-92	339
Ogla_11_25604153_25824296	Oglu_11_30273056_30437271	86.731	309	30	4	56777	57083	8095	8394	1.44e-90	333
Ogla_11_25604153_25824296	Oglu_11_30273056_30437271	79.339	484	70	20	122771	123232	43046	42571	1.88e-84	313
Ogla_11_25604153_25824296	Oglu_11_30273056_30437271	86.598	291	23	9	13627	13915	19593	19869	8.75e-83	307
Ogla_11_25604153_25824296	Oglu_11_30273056_30437271	96.000	175	7	0	164510	164684	72086	72260	4.10e-76	285
Ogla_11_25604153_25824296	Oglu_11_30273056_30437271	90.455	220	14	3	11417	11629	17640	17859	1.47e-75	283
Ogla_11_25604153_25824296	Oglu_11_30273056_30437271	88.987	227	25	0	70372	70598	248	22	5.30e-75	281
Ogla_11_25604153_25824296	Oglu_11_30273056_30437271	71.376	1635	301	137	107832	109375	78589	80147	3.19e-72	272
Ogla_11_25604153_25824296	Oglu_11_30273056_30437271	86.561	253	23	5	44123	44375	249	8	4.13e-71	268
Ogla_11_25604153_25824296	Oglu_11_30273056_30437271	87.302	252	11	6	175844	176077	87877	88125	4.13e-71	268
Ogla_11_25604153_25824296	Oglu_11_30273056_30437271	86.275	255	13	7	180706	180956	83266	83502	8.93e-68	257
Ogla_11_25604153_25824296	Oglu_11_30273056_30437271	96.753	154	3	2	54641	54793	5912	6064	3.21e-67	255
Ogla_11_25604153_25824296	Oglu_11_30273056_30437271	87.558	217	20	6	130065	130276	247	33	6.96e-64	244
Ogla_11_25604153_25824296	Oglu_11_30273056_30437271	92.353	170	11	2	175836	176003	85316	85485	9.00e-63	241
Ogla_11_25604153_25824296	Oglu_11_30273056_30437271	78.638	426	45	32	147921	148346	92086	91707	9.00e-63	241
Ogla_11_25604153_25824296	Oglu_11_30273056_30437271	99.167	120	0	1	71805	71924	21915	22033	5.45e-55	215
Ogla_11_25604153_25824296	Oglu_11_30273056_30437271	88.701	177	19	1	202454	202629	144837	145013	5.45e-55	215
Ogla_11_25604153_25824296	Oglu_11_30273056_30437271	89.820	167	16	1	202099	202265	145120	145285	1.96e-54	213
Ogla_11_25604153_25824296	Oglu_11_30273056_30437271	85.500	200	29	0	23985	24184	10208	10407	2.54e-53	209
Ogla_11_25604153_25824296	Oglu_11_30273056_30437271	90.789	152	14	0	147773	147924	15438	15589	1.18e-51	204
Ogla_11_25604153_25824296	Oglu_11_30273056_30437271	87.500	184	13	5	130065	130242	21684	21863	1.18e-51	204
Ogla_11_25604153_25824296	Oglu_11_30273056_30437271	89.375	160	11	3	177167	177323	76193	76349	1.98e-49	196
Ogla_11_25604153_25824296	Oglu_11_30273056_30437271	100.000	106	0	0	190480	190585	103157	103262	1.98e-49	196
Ogla_11_25604153_25824296	Oglu_11_30273056_30437271	90.000	150	15	0	64047	64196	3471	3322	7.11e-49	195
Ogla_11_25604153_25824296	Oglu_11_30273056_30437271	88.535	157	16	1	147766	147920	3478	3322	3.31e-47	189
Ogla_11_25604153_25824296	Oglu_11_30273056_30437271	95.082	122	2	2	10629	10750	16435	16552	3.31e-47	189
Ogla_11_25604153_25824296	Oglu_11_30273056_30437271	88.667	150	17	0	183096	183245	90325	90474	1.54e-45	183
Ogla_11_25604153_25824296	Oglu_11_30273056_30437271	88.079	151	18	0	64047	64197	3328	3478	1.99e-44	180
Ogla_11_25604153_25824296	Oglu_11_30273056_30437271	88.435	147	17	0	175459	175605	84450	84596	7.16e-44	178
Ogla_11_25604153_25824296	Oglu_11_30273056_30437271	88.235	153	9	7	56635	56778	8237	8389	9.26e-43	174
Ogla_11_25604153_25824296	Oglu_11_30273056_30437271	88.652	141	10	5	110516	110652	110008	109870	1.55e-40	167
Ogla_11_25604153_25824296	Oglu_11_30273056_30437271	87.943	141	11	5	110516	110652	138477	138339	7.21e-39	161
Ogla_11_25604153_25824296	Oglu_11_30273056_30437271	91.525	118	9	1	81542	81658	141420	141537	7.21e-39	161
Ogla_11_25604153_25824296	Oglu_11_30273056_30437271	91.453	117	9	1	87701	87816	141421	141537	2.59e-38	159
Ogla_11_25604153_25824296	Oglu_11_30273056_30437271	95.876	97	4	0	175380	175476	76416	76512	9.32e-38	158
Ogla_11_25604153_25824296	Oglu_11_30273056_30437271	86.713	143	14	4	110513	110652	59110	59250	1.21e-36	154
Ogla_11_25604153_25824296	Oglu_11_30273056_30437271	86.861	137	17	1	66467	66603	15578	15443	4.34e-36	152
Ogla_11_25604153_25824296	Oglu_11_30273056_30437271	77.617	277	43	16	175227	175485	84599	84874	1.56e-35	150
Ogla_11_25604153_25824296	Oglu_11_30273056_30437271	86.525	141	13	5	90858	90994	110008	109870	1.56e-35	150
Ogla_11_25604153_25824296	Oglu_11_30273056_30437271	86.525	141	13	5	84700	84836	110008	109870	1.56e-35	150
Ogla_11_25604153_25824296	Oglu_11_30273056_30437271	85.816	141	14	5	90858	90994	138477	138339	7.26e-34	145
Ogla_11_25604153_25824296	Oglu_11_30273056_30437271	85.816	141	14	5	84700	84836	138477	138339	7.26e-34	145
Ogla_11_25604153_25824296	Oglu_11_30273056_30437271	85.612	139	17	2	66467	66603	3329	3466	2.61e-33	143
Ogla_11_25604153_25824296	Oglu_11_30273056_30437271	87.500	128	11	4	84697	84821	59110	59235	2.61e-33	143
Ogla_11_25604153_25824296	Oglu_11_30273056_30437271	87.500	128	11	4	90855	90979	59110	59235	2.61e-33	143
Ogla_11_25604153_25824296	Oglu_11_30273056_30437271	85.606	132	11	4	10259	10386	16223	16350	5.65e-30	132
Ogla_11_25604153_25824296	Oglu_11_30273056_30437271	98.551	69	1	0	166904	166972	72251	72319	3.40e-27	122
Ogla_11_25604153_25824296	Oglu_11_30273056_30437271	90.323	93	8	1	179930	180021	76420	76512	1.22e-26	121
Ogla_11_25604153_25824296	Oglu_11_30273056_30437271	76.000	250	47	12	2181	2424	1	243	1.58e-25	117
Ogla_11_25604153_25824296	Oglu_11_30273056_30437271	80.000	150	26	4	166729	166876	45555	45408	9.52e-23	108
Ogla_11_25604153_25824296	Oglu_11_30273056_30437271	88.889	81	9	0	202545	202625	144837	144917	1.59e-20	100
Ogla_11_25604153_25824296	Oglu_11_30273056_30437271	98.214	56	1	0	202013	202068	141365	141420	5.73e-20	99.0
Ogla_11_25604153_25824296	Oglu_11_30273056_30437271	95.161	62	3	0	202109	202170	145221	145282	5.73e-20	99.0
Ogla_11_25604153_25824296	Oglu_11_30273056_30437271	98.182	55	1	0	190582	190636	103157	103211	2.06e-19	97.1
Ogla_11_25604153_25824296	Oglu_11_30273056_30437271	95.082	61	3	0	190423	190483	103202	103262	2.06e-19	97.1
Ogla_11_25604153_25824296	Oglu_11_30273056_30437271	89.855	69	7	0	64122	64190	17933	17865	3.45e-17	89.8
Ogla_11_25604153_25824296	Oglu_11_30273056_30437271	98.039	51	1	0	177338	177388	76448	76498	3.45e-17	89.8
Ogla_11_25604153_25824296	Oglu_11_30273056_30437271	90.566	53	2	1	122707	122759	43129	43080	1.62e-10	67.6
Ogla_11_25604153_25824296	Oglu_11_30273056_30437271	100.000	36	0	0	188456	188491	99774	99809	1.62e-10	67.6
