Oglu_11_30273056_30437271	Ome_11_27787838_28092173	96.325	7103	190	33	155144	162205	295053	302125	0.0	11605
Oglu_11_30273056_30437271	Ome_11_27787838_28092173	88.918	8897	851	95	124436	133277	133045	141861	0.0	10842
Oglu_11_30273056_30437271	Ome_11_27787838_28092173	88.049	8987	927	110	124364	133294	253343	244448	0.0	10510
Oglu_11_30273056_30437271	Ome_11_27787838_28092173	96.894	4282	126	3	63027	67306	64181	68457	0.0	7164
Oglu_11_30273056_30437271	Ome_11_27787838_28092173	98.447	3927	38	5	9489	13395	7602	11525	0.0	6892
Oglu_11_30273056_30437271	Ome_11_27787838_28092173	98.625	3782	39	5	4614	8394	2828	6597	0.0	6684
Oglu_11_30273056_30437271	Ome_11_27787838_28092173	95.549	4111	141	28	151017	155114	290971	295052	0.0	6540
Oglu_11_30273056_30437271	Ome_11_27787838_28092173	97.966	3343	44	5	18587	21907	27795	31135	0.0	5775
Oglu_11_30273056_30437271	Ome_11_27787838_28092173	99.325	2814	17	1	2	2815	1	2812	0.0	5090
Oglu_11_30273056_30437271	Ome_11_27787838_28092173	97.667	2529	34	7	13393	15905	11833	14352	0.0	4320
Oglu_11_30273056_30437271	Ome_11_27787838_28092173	84.441	4152	464	129	22360	26405	183617	187692	0.0	3921
Oglu_11_30273056_30437271	Ome_11_27787838_28092173	84.050	4188	474	134	22360	26421	43768	47887	0.0	3855
Oglu_11_30273056_30437271	Ome_11_27787838_28092173	96.750	2308	41	14	16288	18589	25482	27761	0.0	3816
Oglu_11_30273056_30437271	Ome_11_27787838_28092173	95.787	2255	94	1	68934	71187	75158	77412	0.0	3637
Oglu_11_30273056_30437271	Ome_11_27787838_28092173	98.514	2019	28	2	162199	164216	302319	304336	0.0	3561
Oglu_11_30273056_30437271	Ome_11_27787838_28092173	96.105	1900	67	2	61060	62959	61897	63789	0.0	3092
Oglu_11_30273056_30437271	Ome_11_27787838_28092173	87.067	2567	248	67	124428	126959	142102	144619	0.0	2824
Oglu_11_30273056_30437271	Ome_11_27787838_28092173	85.568	2633	270	85	124364	126958	243223	240663	0.0	2656
Oglu_11_30273056_30437271	Ome_11_27787838_28092173	88.854	2198	190	44	135082	137262	142459	144618	0.0	2651
Oglu_11_30273056_30437271	Ome_11_27787838_28092173	88.763	2198	195	45	135082	137262	133397	135559	0.0	2643
Oglu_11_30273056_30437271	Ome_11_27787838_28092173	88.396	2232	204	41	120636	122841	142359	144561	0.0	2636
Oglu_11_30273056_30437271	Ome_11_27787838_28092173	88.642	2201	198	40	120666	122841	133329	135502	0.0	2632
Oglu_11_30273056_30437271	Ome_11_27787838_28092173	88.808	2189	179	37	22283	24449	19137	16993	0.0	2625
Oglu_11_30273056_30437271	Ome_11_27787838_28092173	92.213	1862	127	16	135411	137262	252640	250787	0.0	2619
Oglu_11_30273056_30437271	Ome_11_27787838_28092173	92.159	1862	128	16	135411	137262	242516	240663	0.0	2614
Oglu_11_30273056_30437271	Ome_11_27787838_28092173	91.549	1846	132	20	53582	55414	252621	250787	0.0	2523
Oglu_11_30273056_30437271	Ome_11_27787838_28092173	92.022	1805	126	16	121047	122841	242516	240720	0.0	2519
Oglu_11_30273056_30437271	Ome_11_27787838_28092173	92.022	1805	126	16	121047	122841	252640	250844	0.0	2519
Oglu_11_30273056_30437271	Ome_11_27787838_28092173	91.495	1846	133	20	53582	55414	242497	240663	0.0	2518
Oglu_11_30273056_30437271	Ome_11_27787838_28092173	90.471	1847	152	20	53582	55414	142782	144618	0.0	2414
Oglu_11_30273056_30437271	Ome_11_27787838_28092173	87.815	2101	202	40	53330	55414	133497	135559	0.0	2412
Oglu_11_30273056_30437271	Ome_11_27787838_28092173	82.636	2868	362	101	56571	59350	273791	276610	0.0	2412
Oglu_11_30273056_30437271	Ome_11_27787838_28092173	95.106	1512	73	1	49617	51128	75902	77412	0.0	2381
Oglu_11_30273056_30437271	Ome_11_27787838_28092173	93.798	1564	81	3	49618	51179	58552	60101	0.0	2337
Oglu_11_30273056_30437271	Ome_11_27787838_28092173	92.261	1654	116	11	135614	137262	214074	212428	0.0	2335
Oglu_11_30273056_30437271	Ome_11_27787838_28092173	92.261	1654	116	11	125310	126958	214074	212428	0.0	2335
Oglu_11_30273056_30437271	Ome_11_27787838_28092173	93.977	1511	75	3	69680	71188	58555	60051	0.0	2272
Oglu_11_30273056_30437271	Ome_11_27787838_28092173	83.218	2592	308	95	78063	80603	273356	275871	0.0	2259
Oglu_11_30273056_30437271	Ome_11_27787838_28092173	83.178	2580	314	88	124424	126958	165591	168095	0.0	2250
Oglu_11_30273056_30437271	Ome_11_27787838_28092173	92.110	1597	114	11	121250	122841	214074	212485	0.0	2241
Oglu_11_30273056_30437271	Ome_11_27787838_28092173	85.379	2216	247	59	78425	80603	211812	209637	0.0	2226
Oglu_11_30273056_30437271	Ome_11_27787838_28092173	90.531	1658	135	19	53768	55414	214074	212428	0.0	2172
Oglu_11_30273056_30437271	Ome_11_27787838_28092173	84.964	2208	239	61	135086	137262	165950	168095	0.0	2152
Oglu_11_30273056_30437271	Ome_11_27787838_28092173	79.808	3234	427	163	56194	59321	212056	208943	0.0	2146
Oglu_11_30273056_30437271	Ome_11_27787838_28092173	84.407	2219	260	55	120656	122841	165873	168038	0.0	2102
Oglu_11_30273056_30437271	Ome_11_27787838_28092173	98.792	1159	12	1	8095	9253	6447	7603	0.0	2061
Oglu_11_30273056_30437271	Ome_11_27787838_28092173	86.617	1868	180	42	53582	55417	166270	168099	0.0	2001
Oglu_11_30273056_30437271	Ome_11_27787838_28092173	80.515	2756	380	104	138242	140903	276608	273916	0.0	1969
Oglu_11_30273056_30437271	Ome_11_27787838_28092173	80.515	2756	380	104	109773	112434	276608	273916	0.0	1969
Oglu_11_30273056_30437271	Ome_11_27787838_28092173	85.827	1898	184	62	124455	126315	262310	260461	0.0	1936
Oglu_11_30273056_30437271	Ome_11_27787838_28092173	92.977	1310	83	8	135597	136903	70093	68790	0.0	1901
Oglu_11_30273056_30437271	Ome_11_27787838_28092173	92.977	1310	83	8	125293	126599	70093	68790	0.0	1901
Oglu_11_30273056_30437271	Ome_11_27787838_28092173	92.977	1310	83	8	121233	122539	70093	68790	0.0	1901
Oglu_11_30273056_30437271	Ome_11_27787838_28092173	88.203	1619	135	37	120656	122255	262042	260461	0.0	1881
Oglu_11_30273056_30437271	Ome_11_27787838_28092173	88.781	1542	119	32	135088	136619	261958	260461	0.0	1840
Oglu_11_30273056_30437271	Ome_11_27787838_28092173	91.304	1311	99	13	53751	55053	70093	68790	0.0	1775
Oglu_11_30273056_30437271	Ome_11_27787838_28092173	97.804	1002	19	3	60063	61062	60862	61862	0.0	1725
Oglu_11_30273056_30437271	Ome_11_27787838_28092173	78.865	2749	392	129	109800	112448	208943	211602	0.0	1683
Oglu_11_30273056_30437271	Ome_11_27787838_28092173	78.865	2749	392	129	138269	140917	208943	211602	0.0	1683
Oglu_11_30273056_30437271	Ome_11_27787838_28092173	89.156	1374	107	35	53414	54770	261809	260461	0.0	1674
Oglu_11_30273056_30437271	Ome_11_27787838_28092173	94.742	1065	51	2	80602	81666	209419	208360	0.0	1652
Oglu_11_30273056_30437271	Ome_11_27787838_28092173	88.554	1328	120	27	135599	136903	82929	81611	0.0	1581
Oglu_11_30273056_30437271	Ome_11_27787838_28092173	88.554	1328	120	27	125295	126599	82929	81611	0.0	1581
Oglu_11_30273056_30437271	Ome_11_27787838_28092173	88.554	1328	120	27	121235	122539	82929	81611	0.0	1581
Oglu_11_30273056_30437271	Ome_11_27787838_28092173	87.594	1330	125	25	53753	55053	82929	81611	0.0	1506
Oglu_11_30273056_30437271	Ome_11_27787838_28092173	78.631	2293	329	104	24278	26470	17119	14888	0.0	1371
Oglu_11_30273056_30437271	Ome_11_27787838_28092173	95.833	840	29	1	68060	68899	74335	75168	0.0	1352
Oglu_11_30273056_30437271	Ome_11_27787838_28092173	95.802	786	29	3	55413	56198	60095	60876	0.0	1266
Oglu_11_30273056_30437271	Ome_11_27787838_28092173	96.662	749	25	0	67300	68048	73543	74291	0.0	1245
Oglu_11_30273056_30437271	Ome_11_27787838_28092173	90.042	954	88	5	30472	31420	105026	104075	0.0	1229
Oglu_11_30273056_30437271	Ome_11_27787838_28092173	93.215	619	35	7	59453	60068	208973	208359	0.0	904
Oglu_11_30273056_30437271	Ome_11_27787838_28092173	92.393	631	40	8	81047	81672	276577	277204	0.0	893
Oglu_11_30273056_30437271	Ome_11_27787838_28092173	81.373	1165	154	37	23649	24789	265740	266865	0.0	891
Oglu_11_30273056_30437271	Ome_11_27787838_28092173	87.733	750	92	0	29738	30487	105814	105065	0.0	876
Oglu_11_30273056_30437271	Ome_11_27787838_28092173	90.979	654	44	11	59426	60068	276551	277200	0.0	867
Oglu_11_30273056_30437271	Ome_11_27787838_28092173	90.812	653	51	9	136615	137263	233902	233255	0.0	865
Oglu_11_30273056_30437271	Ome_11_27787838_28092173	90.798	652	51	9	126311	126958	233902	233256	0.0	863
Oglu_11_30273056_30437271	Ome_11_27787838_28092173	83.351	961	124	14	104329	105278	283636	284571	0.0	856
Oglu_11_30273056_30437271	Ome_11_27787838_28092173	91.870	615	44	6	137550	138162	208360	208970	0.0	854
Oglu_11_30273056_30437271	Ome_11_27787838_28092173	91.396	616	46	7	109080	109693	208360	208970	0.0	837
Oglu_11_30273056_30437271	Ome_11_27787838_28092173	85.389	835	84	22	33935	34765	100450	99650	0.0	832
Oglu_11_30273056_30437271	Ome_11_27787838_28092173	90.093	646	48	12	137550	138184	277199	276559	0.0	824
Oglu_11_30273056_30437271	Ome_11_27787838_28092173	89.938	646	50	12	109080	109715	277199	276559	0.0	819
Oglu_11_30273056_30437271	Ome_11_27787838_28092173	88.872	656	61	11	54766	55416	233902	233254	0.0	797
Oglu_11_30273056_30437271	Ome_11_27787838_28092173	90.420	595	49	8	122251	122841	233902	233312	0.0	776
Oglu_11_30273056_30437271	Ome_11_27787838_28092173	87.982	649	58	19	112626	113261	211786	212427	0.0	749
Oglu_11_30273056_30437271	Ome_11_27787838_28092173	91.529	484	36	5	80604	81083	276105	276587	0.0	662
Oglu_11_30273056_30437271	Ome_11_27787838_28092173	82.777	749	91	20	74673	75391	78006	78746	0.0	634
Oglu_11_30273056_30437271	Ome_11_27787838_28092173	91.051	447	36	3	143090	143533	288785	288340	4.95e-171	601
Oglu_11_30273056_30437271	Ome_11_27787838_28092173	76.475	1237	208	42	90319	91510	224681	225879	2.30e-169	595
Oglu_11_30273056_30437271	Ome_11_27787838_28092173	92.476	412	30	1	143740	144150	288058	287647	3.86e-167	588
Oglu_11_30273056_30437271	Ome_11_27787838_28092173	97.033	337	8	2	15954	16290	14350	14684	1.81e-160	566
Oglu_11_30273056_30437271	Ome_11_27787838_28092173	90.104	384	35	3	144428	144809	287413	287031	2.40e-139	496
Oglu_11_30273056_30437271	Ome_11_27787838_28092173	81.656	616	94	13	74751	75351	264841	264230	8.65e-139	494
Oglu_11_30273056_30437271	Ome_11_27787838_28092173	85.120	457	59	3	20017	20467	88254	88707	3.15e-128	459
Oglu_11_30273056_30437271	Ome_11_27787838_28092173	83.707	491	58	13	74862	75336	264097	264581	8.83e-124	444
Oglu_11_30273056_30437271	Ome_11_27787838_28092173	79.450	618	70	32	20707	21316	88896	89464	5.43e-106	385
Oglu_11_30273056_30437271	Ome_11_27787838_28092173	92.776	263	16	2	47252	47511	130508	130770	9.09e-104	377
Oglu_11_30273056_30437271	Ome_11_27787838_28092173	83.413	416	55	10	74709	75114	79145	78734	1.18e-102	374
Oglu_11_30273056_30437271	Ome_11_27787838_28092173	90.877	285	17	8	78072	78355	212056	211780	1.18e-102	374
Oglu_11_30273056_30437271	Ome_11_27787838_28092173	82.809	413	65	5	70778	71187	164277	163868	7.08e-100	364
Oglu_11_30273056_30437271	Ome_11_27787838_28092173	88.328	317	16	5	46883	47197	130224	130521	9.15e-99	361
Oglu_11_30273056_30437271	Ome_11_27787838_28092173	82.567	413	66	5	50719	51128	164277	163868	3.29e-98	359
Oglu_11_30273056_30437271	Ome_11_27787838_28092173	82.639	432	43	24	143488	143889	209442	209013	1.53e-96	353
Oglu_11_30273056_30437271	Ome_11_27787838_28092173	90.763	249	23	0	15915	16163	14311	14063	2.00e-90	333
Oglu_11_30273056_30437271	Ome_11_27787838_28092173	90.795	239	22	0	8	246	268632	268394	1.55e-86	320
Oglu_11_30273056_30437271	Ome_11_27787838_28092173	80.342	468	55	23	143453	143888	276046	276508	1.55e-86	320
Oglu_11_30273056_30437271	Ome_11_27787838_28092173	83.853	353	26	13	45057	45405	129907	130232	1.21e-82	307
Oglu_11_30273056_30437271	Ome_11_27787838_28092173	91.480	223	19	0	101857	102079	217958	218180	1.21e-82	307
Oglu_11_30273056_30437271	Ome_11_27787838_28092173	88.889	243	27	0	9249	9491	4	246	2.02e-80	300
Oglu_11_30273056_30437271	Ome_11_27787838_28092173	81.013	395	55	14	22134	22516	19744	19358	2.62e-79	296
Oglu_11_30273056_30437271	Ome_11_27787838_28092173	79.861	432	65	12	74749	75167	80768	81190	2.62e-79	296
Oglu_11_30273056_30437271	Ome_11_27787838_28092173	77.299	511	99	11	89613	90116	223917	224417	5.67e-76	285
Oglu_11_30273056_30437271	Ome_11_27787838_28092173	96.000	175	6	1	62855	63028	63824	63998	2.04e-75	283
Oglu_11_30273056_30437271	Ome_11_27787838_28092173	88.745	231	23	2	14	243	200332	200560	2.64e-74	279
Oglu_11_30273056_30437271	Ome_11_27787838_28092173	88.235	221	20	6	8	226	232518	232734	3.43e-68	259
Oglu_11_30273056_30437271	Ome_11_27787838_28092173	88.995	209	22	1	15617	15825	14557	14350	1.24e-67	257
Oglu_11_30273056_30437271	Ome_11_27787838_28092173	76.045	622	67	36	42571	43167	92259	91695	7.43e-65	248
Oglu_11_30273056_30437271	Ome_11_27787838_28092173	92.442	172	9	2	72090	72260	168595	168763	3.46e-63	243
Oglu_11_30273056_30437271	Ome_11_27787838_28092173	83.333	288	23	12	26356	26621	187701	187985	3.46e-63	243
Oglu_11_30273056_30437271	Ome_11_27787838_28092173	89.062	192	15	4	21683	21871	247	59	2.08e-60	233
Oglu_11_30273056_30437271	Ome_11_27787838_28092173	86.977	215	15	7	22340	22543	19214	19002	2.69e-59	230
Oglu_11_30273056_30437271	Ome_11_27787838_28092173	82.443	262	41	3	8746	9002	229638	229377	1.25e-57	224
Oglu_11_30273056_30437271	Ome_11_27787838_28092173	83.032	277	15	13	22284	22528	19219	18943	4.51e-57	222
Oglu_11_30273056_30437271	Ome_11_27787838_28092173	99.167	120	0	1	21915	22033	32331	32450	7.54e-55	215
Oglu_11_30273056_30437271	Ome_11_27787838_28092173	76.457	446	73	23	106113	106542	285011	285440	2.71e-54	213
Oglu_11_30273056_30437271	Ome_11_27787838_28092173	89.820	167	14	2	21700	21866	268412	268575	9.75e-54	211
Oglu_11_30273056_30437271	Ome_11_27787838_28092173	81.227	277	39	12	56194	56464	273366	273635	9.75e-54	211
Oglu_11_30273056_30437271	Ome_11_27787838_28092173	90.850	153	12	2	8242	8394	6300	6450	1.63e-51	204
Oglu_11_30273056_30437271	Ome_11_27787838_28092173	90.196	153	13	2	8095	8245	6594	6746	7.59e-50	198
Oglu_11_30273056_30437271	Ome_11_27787838_28092173	88.485	165	12	4	21700	21863	98256	98414	3.53e-48	193
Oglu_11_30273056_30437271	Ome_11_27787838_28092173	89.404	151	14	1	3321	3471	14032	13884	4.57e-47	189
Oglu_11_30273056_30437271	Ome_11_27787838_28092173	91.304	138	12	0	26482	26619	14822	14685	4.57e-47	189
Oglu_11_30273056_30437271	Ome_11_27787838_28092173	82.273	220	25	10	21691	21903	232744	232532	9.89e-44	178
Oglu_11_30273056_30437271	Ome_11_27787838_28092173	78.378	296	43	19	141082	141364	211769	212056	4.60e-42	172
Oglu_11_30273056_30437271	Ome_11_27787838_28092173	96.190	105	3	1	62856	62959	63755	63859	1.66e-41	171
Oglu_11_30273056_30437271	Ome_11_27787838_28092173	87.838	148	15	3	15438	15585	103486	103630	1.66e-41	171
Oglu_11_30273056_30437271	Ome_11_27787838_28092173	88.971	136	15	0	26484	26619	48060	48195	5.95e-41	169
Oglu_11_30273056_30437271	Ome_11_27787838_28092173	78.261	276	45	14	141100	141365	273635	273365	2.77e-39	163
Oglu_11_30273056_30437271	Ome_11_27787838_28092173	77.441	297	49	17	112604	112889	273655	273366	9.96e-39	161
Oglu_11_30273056_30437271	Ome_11_27787838_28092173	82.955	176	23	6	17339	17511	159627	159456	6.00e-36	152
Oglu_11_30273056_30437271	Ome_11_27787838_28092173	93.548	93	2	1	22452	22540	19163	19071	6.04e-31	135
Oglu_11_30273056_30437271	Ome_11_27787838_28092173	100.000	67	0	0	72253	72319	168787	168853	1.31e-27	124
Oglu_11_30273056_30437271	Ome_11_27787838_28092173	87.379	103	11	2	51176	51277	164274	164375	2.19e-25	117
Oglu_11_30273056_30437271	Ome_11_27787838_28092173	98.438	64	1	0	137263	137326	250848	250785	2.83e-24	113
Oglu_11_30273056_30437271	Ome_11_27787838_28092173	86.869	99	11	2	51180	51277	244545	244448	3.66e-23	110
Oglu_11_30273056_30437271	Ome_11_27787838_28092173	86.869	99	11	2	51180	51277	254659	254562	3.66e-23	110
Oglu_11_30273056_30437271	Ome_11_27787838_28092173	84.906	106	14	2	144339	144443	287554	287450	4.73e-22	106
Oglu_11_30273056_30437271	Ome_11_27787838_28092173	96.774	62	2	0	137263	137324	168034	168095	1.70e-21	104
Oglu_11_30273056_30437271	Ome_11_27787838_28092173	96.774	62	2	0	137263	137324	212489	212428	1.70e-21	104
Oglu_11_30273056_30437271	Ome_11_27787838_28092173	96.774	62	2	0	137263	137324	240724	240663	1.70e-21	104
Oglu_11_30273056_30437271	Ome_11_27787838_28092173	92.000	75	2	1	22452	22522	43807	43881	6.12e-21	102
Oglu_11_30273056_30437271	Ome_11_27787838_28092173	92.000	75	2	1	22452	22522	183656	183730	6.12e-21	102
Oglu_11_30273056_30437271	Ome_11_27787838_28092173	89.610	77	7	1	169	244	31068	31144	2.85e-19	97.1
Oglu_11_30273056_30437271	Ome_11_27787838_28092173	93.651	63	4	0	137263	137325	144557	144619	1.02e-18	95.3
Oglu_11_30273056_30437271	Ome_11_27787838_28092173	87.179	78	9	1	169	246	232594	232518	1.72e-16	87.9
Oglu_11_30273056_30437271	Ome_11_27787838_28092173	92.857	56	4	0	3422	3477	125888	125943	7.98e-15	82.4
Oglu_11_30273056_30437271	Ome_11_27787838_28092173	92.857	56	4	0	15530	15585	125888	125943	7.98e-15	82.4
Oglu_11_30273056_30437271	Ome_11_27787838_28092173	90.741	54	4	1	3322	3375	125943	125891	1.73e-11	71.3
Oglu_11_30273056_30437271	Ome_11_27787838_28092173	100.000	31	0	0	26513	26543	14762	14792	1.34e-07	58.4
Oglu_11_30273056_30437271	Ome_11_27787838_28092173	100.000	31	0	0	26513	26543	187906	187876	1.34e-07	58.4
