Oglu_1_3042520_3068443	Ome_1_2370629_2401557	97.333	8737	159	24	1	8703	1	8697	0.0	14776
Oglu_1_3042520_3068443	Ome_1_2370629_2401557	95.668	5933	127	35	15481	21357	21134	26992	0.0	9413
Oglu_1_3042520_3068443	Ome_1_2370629_2401557	99.441	3401	17	1	8662	12060	8697	12097	0.0	6174
Oglu_1_3042520_3068443	Ome_1_2370629_2401557	91.878	3546	262	11	10451	13982	15829	19362	0.0	4929
Oglu_1_3042520_3068443	Ome_1_2370629_2401557	92.143	1871	76	35	22766	24586	27937	29786	0.0	2575
Oglu_1_3042520_3068443	Ome_1_2370629_2401557	95.895	1145	36	9	24788	25924	29788	30929	0.0	1844
Oglu_1_3042520_3068443	Ome_1_2370629_2401557	92.877	1053	39	12	21553	22587	26993	28027	0.0	1496
Oglu_1_3042520_3068443	Ome_1_2370629_2401557	95.969	918	27	6	14571	15483	20189	21101	0.0	1482
Oglu_1_3042520_3068443	Ome_1_2370629_2401557	91.972	847	20	14	22978	23785	8768	9605	0.0	1144
Oglu_1_3042520_3068443	Ome_1_2370629_2401557	90.898	857	39	15	8733	9568	28151	28989	0.0	1114
Oglu_1_3042520_3068443	Ome_1_2370629_2401557	93.315	733	29	11	5409	6129	26772	27496	0.0	1064
Oglu_1_3042520_3068443	Ome_1_2370629_2401557	90.469	682	45	9	6364	7037	27495	28164	0.0	881
Oglu_1_3042520_3068443	Ome_1_2370629_2401557	91.522	519	13	10	21553	22047	5613	6124	0.0	686
Oglu_1_3042520_3068443	Ome_1_2370629_2401557	88.087	554	37	13	22046	22587	6359	6895	0.0	630
Oglu_1_3042520_3068443	Ome_1_2370629_2401557	87.276	558	42	16	14034	14578	19629	20170	1.32e-175	610
Oglu_1_3042520_3068443	Ome_1_2370629_2401557	89.597	471	36	6	9828	10287	15160	15628	2.22e-168	586
Oglu_1_3042520_3068443	Ome_1_2370629_2401557	93.827	243	8	2	22756	22991	6790	7032	5.27e-100	359
Oglu_1_3042520_3068443	Ome_1_2370629_2401557	89.381	226	13	6	21137	21357	5393	5612	1.97e-74	274
Oglu_1_3042520_3068443	Ome_1_2370629_2401557	87.745	204	23	1	813	1016	1920	1719	2.58e-63	237
Oglu_1_3042520_3068443	Ome_1_2370629_2401557	83.406	229	25	8	20704	20931	3	219	3.38e-52	200
Oglu_1_3042520_3068443	Ome_1_2370629_2401557	81.781	247	25	12	1	238	26346	26581	7.32e-49	189
Oglu_1_3042520_3068443	Ome_1_2370629_2401557	93.069	101	6	1	3421	3520	26683	26783	4.47e-36	147
Oglu_1_3042520_3068443	Ome_1_2370629_2401557	90.196	102	8	2	21049	21149	3405	3505	1.25e-31	132
Oglu_1_3042520_3068443	Ome_1_2370629_2401557	93.333	75	5	0	20940	21014	718	792	1.63e-25	111
Oglu_1_3042520_3068443	Ome_1_2370629_2401557	91.667	60	4	1	8955	9014	28303	28361	1.28e-16	82.4
Oglu_1_3042520_3068443	Ome_1_2370629_2401557	90.000	60	5	1	23201	23260	28303	28361	5.95e-15	76.8
