Oglu_3_38600870_38650737	Ome_3_39637979_39692596	96.587	6709	117	33	10218	16880	9644	16286	0.0	11018
Oglu_3_38600870_38650737	Ome_3_39637979_39692596	95.474	6650	148	54	1842	8437	1905	8455	0.0	10471
Oglu_3_38600870_38650737	Ome_3_39637979_39692596	95.419	4169	90	32	22765	26860	24820	28960	0.0	6547
Oglu_3_38600870_38650737	Ome_3_39637979_39692596	87.544	5668	473	100	44305	49868	49080	54618	0.0	6340
Oglu_3_38600870_38650737	Ome_3_39637979_39692596	94.769	3823	86	38	26868	30648	28924	32674	0.0	5847
Oglu_3_38600870_38650737	Ome_3_39637979_39692596	97.093	2924	51	11	33531	36428	35856	38771	0.0	4898
Oglu_3_38600870_38650737	Ome_3_39637979_39692596	92.845	2320	159	6	37797	40110	43755	46073	0.0	3358
Oglu_3_38600870_38650737	Ome_3_39637979_39692596	94.150	1829	35	28	1	1787	1	1799	0.0	2719
Oglu_3_38600870_38650737	Ome_3_39637979_39692596	95.699	1488	19	16	32066	33532	34250	35713	0.0	2351
Oglu_3_38600870_38650737	Ome_3_39637979_39692596	91.768	1239	54	27	19068	20285	19530	20741	0.0	1679
Oglu_3_38600870_38650737	Ome_3_39637979_39692596	97.544	855	9	5	17575	18419	17125	17977	0.0	1452
Oglu_3_38600870_38650737	Ome_3_39637979_39692596	91.667	972	69	7	40138	41109	46068	47027	0.0	1336
Oglu_3_38600870_38650737	Ome_3_39637979_39692596	91.713	905	47	13	18412	19307	18809	19694	0.0	1230
Oglu_3_38600870_38650737	Ome_3_39637979_39692596	97.289	664	17	1	16917	17579	16294	16957	0.0	1125
Oglu_3_38600870_38650737	Ome_3_39637979_39692596	90.875	789	70	1	41060	41846	47044	47832	0.0	1057
Oglu_3_38600870_38650737	Ome_3_39637979_39692596	96.167	574	13	2	9608	10174	9070	9641	0.0	929
Oglu_3_38600870_38650737	Ome_3_39637979_39692596	94.710	586	22	4	31177	31753	33221	33806	0.0	902
Oglu_3_38600870_38650737	Ome_3_39637979_39692596	86.280	707	66	18	21782	22477	24130	24816	0.0	739
Oglu_3_38600870_38650737	Ome_3_39637979_39692596	92.090	531	27	10	21229	21748	23507	24033	0.0	734
Oglu_3_38600870_38650737	Ome_3_39637979_39692596	93.737	495	9	12	8792	9273	8588	9073	0.0	723
Oglu_3_38600870_38650737	Ome_3_39637979_39692596	97.931	145	2	1	21093	21237	20912	21055	1.13e-66	250
Oglu_3_38600870_38650737	Ome_3_39637979_39692596	94.690	113	6	0	20726	20838	20798	20910	1.94e-44	176
Oglu_3_38600870_38650737	Ome_3_39637979_39692596	95.283	106	5	0	30889	30994	33124	33229	3.24e-42	169
Oglu_3_38600870_38650737	Ome_3_39637979_39692596	96.512	86	3	0	30673	30758	33042	33127	1.97e-34	143
Oglu_3_38600870_38650737	Ome_3_39637979_39692596	96.296	54	2	0	8752	8805	8510	8563	2.60e-18	89.8
Oglu_3_38600870_38650737	Ome_3_39637979_39692596	93.617	47	1	2	36424	36470	43688	43732	3.38e-12	69.4
