Oglu_3_38067820_38650737	Ome_3_39637979_39692596	96.587	6709	117	34	543268	549930	9644	16286	0.0	11018
Oglu_3_38067820_38650737	Ome_3_39637979_39692596	95.475	6652	144	60	534892	541487	1905	8455	0.0	10471
Oglu_3_38067820_38650737	Ome_3_39637979_39692596	95.419	4169	90	41	555815	559910	24820	28960	0.0	6547
Oglu_3_38067820_38650737	Ome_3_39637979_39692596	87.549	5670	469	102	577355	582918	49080	54618	0.0	6340
Oglu_3_38067820_38650737	Ome_3_39637979_39692596	94.769	3823	86	38	559918	563698	28924	32674	0.0	5847
Oglu_3_38067820_38650737	Ome_3_39637979_39692596	97.093	2924	51	11	566581	569478	35856	38771	0.0	4898
Oglu_3_38067820_38650737	Ome_3_39637979_39692596	92.845	2320	159	6	570847	573160	43755	46073	0.0	3358
Oglu_3_38067820_38650737	Ome_3_39637979_39692596	94.150	1829	35	28	533051	534837	1	1799	0.0	2719
Oglu_3_38067820_38650737	Ome_3_39637979_39692596	95.699	1488	19	16	565116	566582	34250	35713	0.0	2351
Oglu_3_38067820_38650737	Ome_3_39637979_39692596	91.768	1239	54	27	552118	553335	19530	20741	0.0	1679
Oglu_3_38067820_38650737	Ome_3_39637979_39692596	97.544	855	9	5	550625	551469	17125	17977	0.0	1452
Oglu_3_38067820_38650737	Ome_3_39637979_39692596	91.667	972	69	7	573188	574159	46068	47027	0.0	1336
Oglu_3_38067820_38650737	Ome_3_39637979_39692596	91.713	905	47	13	551462	552357	18809	19694	0.0	1230
Oglu_3_38067820_38650737	Ome_3_39637979_39692596	97.289	664	17	1	549967	550629	16294	16957	0.0	1125
Oglu_3_38067820_38650737	Ome_3_39637979_39692596	90.875	789	70	1	574110	574896	47044	47832	0.0	1057
Oglu_3_38067820_38650737	Ome_3_39637979_39692596	96.167	574	13	2	542658	543224	9070	9641	0.0	929
Oglu_3_38067820_38650737	Ome_3_39637979_39692596	94.710	586	22	4	564227	564803	33221	33806	0.0	902
Oglu_3_38067820_38650737	Ome_3_39637979_39692596	86.280	707	66	18	554832	555527	24130	24816	0.0	739
Oglu_3_38067820_38650737	Ome_3_39637979_39692596	92.090	531	27	10	554279	554798	23507	24033	0.0	734
Oglu_3_38067820_38650737	Ome_3_39637979_39692596	93.737	495	9	12	541842	542323	8588	9073	0.0	723
Oglu_3_38067820_38650737	Ome_3_39637979_39692596	97.931	145	2	1	554143	554287	20912	21055	1.32e-65	250
Oglu_3_38067820_38650737	Ome_3_39637979_39692596	94.690	113	6	0	553776	553888	20798	20910	2.27e-43	176
Oglu_3_38067820_38650737	Ome_3_39637979_39692596	95.283	106	5	0	563939	564044	33124	33229	3.79e-41	169
Oglu_3_38067820_38650737	Ome_3_39637979_39692596	92.453	106	8	0	10432	10537	17023	17128	3.82e-36	152
Oglu_3_38067820_38650737	Ome_3_39637979_39692596	96.512	86	3	0	563723	563808	33042	33127	2.30e-33	143
Oglu_3_38067820_38650737	Ome_3_39637979_39692596	75.738	305	52	15	484644	484937	40883	40590	1.38e-30	134
Oglu_3_38067820_38650737	Ome_3_39637979_39692596	74.324	296	47	19	484787	485070	40819	40541	5.05e-20	99.0
Oglu_3_38067820_38650737	Ome_3_39637979_39692596	96.296	54	2	0	541802	541855	8510	8563	3.04e-17	89.8
Oglu_3_38067820_38650737	Ome_3_39637979_39692596	91.228	57	5	0	234113	234169	17011	16955	6.57e-14	78.7
Oglu_3_38067820_38650737	Ome_3_39637979_39692596	93.617	47	1	2	569474	569520	43688	43732	3.96e-11	69.4
