Oglu_1_3042520_3068443	Ome_1_2370629_2543685	97.333	8737	159	24	1	8703	1	8697	0.0	14776
Oglu_1_3042520_3068443	Ome_1_2370629_2543685	95.668	5933	127	35	15481	21357	21134	26992	0.0	9413
Oglu_1_3042520_3068443	Ome_1_2370629_2543685	99.441	3401	17	1	8662	12060	8697	12097	0.0	6174
Oglu_1_3042520_3068443	Ome_1_2370629_2543685	91.878	3546	262	11	10451	13982	15829	19362	0.0	4929
Oglu_1_3042520_3068443	Ome_1_2370629_2543685	92.143	1871	76	35	22766	24586	27937	29786	0.0	2575
Oglu_1_3042520_3068443	Ome_1_2370629_2543685	82.217	2733	403	49	17344	20024	151538	148837	0.0	2278
Oglu_1_3042520_3068443	Ome_1_2370629_2543685	81.731	2496	399	40	16807	19284	170703	168247	0.0	2030
Oglu_1_3042520_3068443	Ome_1_2370629_2543685	79.941	2732	500	38	17341	20051	158740	156036	0.0	1965
Oglu_1_3042520_3068443	Ome_1_2370629_2543685	95.895	1145	36	9	24788	25924	29788	30929	0.0	1844
Oglu_1_3042520_3068443	Ome_1_2370629_2543685	92.877	1053	39	12	21553	22587	26993	28027	0.0	1496
Oglu_1_3042520_3068443	Ome_1_2370629_2543685	95.969	918	27	6	14571	15483	20189	21101	0.0	1482
Oglu_1_3042520_3068443	Ome_1_2370629_2543685	91.972	847	20	14	22978	23785	8768	9605	0.0	1144
Oglu_1_3042520_3068443	Ome_1_2370629_2543685	90.898	857	39	15	8733	9568	28151	28989	0.0	1114
Oglu_1_3042520_3068443	Ome_1_2370629_2543685	93.315	733	29	11	5409	6129	26772	27496	0.0	1064
Oglu_1_3042520_3068443	Ome_1_2370629_2543685	91.195	795	50	9	14688	15478	154745	153967	0.0	1062
Oglu_1_3042520_3068443	Ome_1_2370629_2543685	90.469	682	45	9	6364	7037	27495	28164	0.0	881
Oglu_1_3042520_3068443	Ome_1_2370629_2543685	94.184	533	24	4	14969	15500	161126	160600	0.0	806
Oglu_1_3042520_3068443	Ome_1_2370629_2543685	95.238	504	21	2	14965	15468	173057	172557	0.0	795
Oglu_1_3042520_3068443	Ome_1_2370629_2543685	89.026	647	48	21	14828	15460	143717	143080	0.0	780
Oglu_1_3042520_3068443	Ome_1_2370629_2543685	91.522	519	13	10	21553	22047	5613	6124	0.0	686
Oglu_1_3042520_3068443	Ome_1_2370629_2543685	88.087	554	37	13	22046	22587	6359	6895	0.0	630
Oglu_1_3042520_3068443	Ome_1_2370629_2543685	87.276	558	42	16	14034	14578	19629	20170	7.38e-175	610
Oglu_1_3042520_3068443	Ome_1_2370629_2543685	89.597	471	36	6	9828	10287	15160	15628	1.24e-167	586
Oglu_1_3042520_3068443	Ome_1_2370629_2543685	83.037	619	90	10	16647	17258	152202	151592	5.87e-156	547
Oglu_1_3042520_3068443	Ome_1_2370629_2543685	93.827	243	8	2	22756	22991	6790	7032	2.95e-99	359
Oglu_1_3042520_3068443	Ome_1_2370629_2543685	89.381	226	13	6	21137	21357	5393	5612	1.10e-73	274
Oglu_1_3042520_3068443	Ome_1_2370629_2543685	87.745	204	23	1	813	1016	1920	1719	1.44e-62	237
Oglu_1_3042520_3068443	Ome_1_2370629_2543685	83.406	229	25	8	20704	20931	3	219	1.89e-51	200
Oglu_1_3042520_3068443	Ome_1_2370629_2543685	81.781	247	25	12	1	238	26346	26581	4.10e-48	189
Oglu_1_3042520_3068443	Ome_1_2370629_2543685	93.069	101	6	1	3421	3520	26683	26783	2.50e-35	147
Oglu_1_3042520_3068443	Ome_1_2370629_2543685	90.196	102	8	2	21049	21149	3405	3505	7.01e-31	132
Oglu_1_3042520_3068443	Ome_1_2370629_2543685	93.333	75	5	0	20940	21014	718	792	9.13e-25	111
Oglu_1_3042520_3068443	Ome_1_2370629_2543685	91.667	60	4	1	8955	9014	28303	28361	7.16e-16	82.4
Oglu_1_3042520_3068443	Ome_1_2370629_2543685	90.000	60	5	1	23201	23260	28303	28361	3.33e-14	76.8
