Ome_11_27787838_28092173	Opu_11_30816571_30998704	92.055	5488	241	75	296766	302152	174618	180011	0.0	7539
Ome_11_27787838_28092173	Opu_11_30816571_30998704	96.071	2825	87	10	8718	11525	4673	7490	0.0	4580
Ome_11_27787838_28092173	Opu_11_30816571_30998704	92.984	2865	155	27	291007	293844	169477	172322	0.0	4135
Ome_11_27787838_28092173	Opu_11_30816571_30998704	95.078	2641	84	18	103636	106264	133597	136203	0.0	4115
Ome_11_27787838_28092173	Opu_11_30816571_30998704	93.851	2667	126	13	94534	97182	121281	123927	0.0	3982
Ome_11_27787838_28092173	Opu_11_30816571_30998704	89.211	2660	169	46	118984	121574	140701	143311	0.0	3214
Ome_11_27787838_28092173	Opu_11_30816571_30998704	93.029	2209	100	15	302147	304336	179961	182134	0.0	3177
Ome_11_27787838_28092173	Opu_11_30816571_30998704	91.682	2152	100	33	91703	93796	118037	120167	0.0	2909
Ome_11_27787838_28092173	Opu_11_30816571_30998704	94.720	1591	61	9	4426	5995	1441	3029	0.0	2451
Ome_11_27787838_28092173	Opu_11_30816571_30998704	88.914	1768	102	39	49340	51058	65591	67313	0.0	2093
Ome_11_27787838_28092173	Opu_11_30816571_30998704	91.959	1455	108	6	2828	4279	6	1454	0.0	2030
Ome_11_27787838_28092173	Opu_11_30816571_30998704	86.494	1740	153	45	29174	30894	17679	19355	0.0	1836
Ome_11_27787838_28092173	Opu_11_30816571_30998704	86.800	1750	104	53	99330	100990	128681	130392	0.0	1834
Ome_11_27787838_28092173	Opu_11_30816571_30998704	84.457	1795	220	42	166324	168076	39100	37323	0.0	1714
Ome_11_27787838_28092173	Opu_11_30816571_30998704	84.138	1822	230	49	250790	252575	37308	39106	0.0	1709
Ome_11_27787838_28092173	Opu_11_30816571_30998704	84.083	1822	231	49	240666	242451	37308	39106	0.0	1703
Ome_11_27787838_28092173	Opu_11_30816571_30998704	87.142	1571	98	50	51965	53463	96794	98332	0.0	1687
Ome_11_27787838_28092173	Opu_11_30816571_30998704	83.878	1805	236	45	133770	135540	39106	37323	0.0	1670
Ome_11_27787838_28092173	Opu_11_30816571_30998704	83.823	1805	238	44	142828	144599	39106	37323	0.0	1666
Ome_11_27787838_28092173	Opu_11_30816571_30998704	90.483	1303	63	27	7358	8642	3393	4652	0.0	1663
Ome_11_27787838_28092173	Opu_11_30816571_30998704	89.668	1326	66	26	129461	130742	148465	149763	0.0	1624
Ome_11_27787838_28092173	Opu_11_30816571_30998704	86.995	1484	126	37	124205	125659	144585	146030	0.0	1609
Ome_11_27787838_28092173	Opu_11_30816571_30998704	88.257	1337	130	25	81606	82929	37658	38980	0.0	1574
Ome_11_27787838_28092173	Opu_11_30816571_30998704	83.842	1671	219	39	212431	214069	37308	38959	0.0	1543
Ome_11_27787838_28092173	Opu_11_30816571_30998704	89.430	1211	70	25	117284	118475	138246	139417	0.0	1474
Ome_11_27787838_28092173	Opu_11_30816571_30998704	85.501	1338	150	35	68785	70092	37658	38981	0.0	1356
Ome_11_27787838_28092173	Opu_11_30816571_30998704	79.888	1780	273	68	208377	210111	46091	47830	0.0	1225
Ome_11_27787838_28092173	Opu_11_30816571_30998704	79.888	1780	273	68	208377	210111	55414	57153	0.0	1225
Ome_11_27787838_28092173	Opu_11_30816571_30998704	87.321	1120	63	36	88889	89963	101602	102687	0.0	1208
Ome_11_27787838_28092173	Opu_11_30816571_30998704	91.943	844	64	3	264100	264943	91929	91090	0.0	1179
Ome_11_27787838_28092173	Opu_11_30816571_30998704	85.096	1201	119	34	101300	102473	109546	108379	0.0	1171
Ome_11_27787838_28092173	Opu_11_30816571_30998704	85.081	1173	140	23	260460	261608	37945	39106	0.0	1164
Ome_11_27787838_28092173	Opu_11_30816571_30998704	92.848	741	47	1	88150	88890	100836	101570	0.0	1070
Ome_11_27787838_28092173	Opu_11_30816571_30998704	86.453	967	91	25	27827	28771	16251	17199	0.0	1024
Ome_11_27787838_28092173	Opu_11_30816571_30998704	86.102	957	99	14	283636	284567	164943	165890	0.0	1000
Ome_11_27787838_28092173	Opu_11_30816571_30998704	92.888	689	28	14	11833	12508	7488	8168	0.0	981
Ome_11_27787838_28092173	Opu_11_30816571_30998704	87.156	872	92	12	264100	264969	91309	92162	0.0	972
Ome_11_27787838_28092173	Opu_11_30816571_30998704	81.918	1189	167	42	275396	276565	47830	46671	0.0	961
Ome_11_27787838_28092173	Opu_11_30816571_30998704	81.918	1189	167	42	275396	276565	57153	55994	0.0	961
Ome_11_27787838_28092173	Opu_11_30816571_30998704	80.512	1211	203	14	282445	283637	163694	164889	0.0	898
Ome_11_27787838_28092173	Opu_11_30816571_30998704	86.564	841	69	32	48270	49088	64455	65273	0.0	887
Ome_11_27787838_28092173	Opu_11_30816571_30998704	88.326	711	55	10	87082	87773	99995	100696	0.0	828
Ome_11_27787838_28092173	Opu_11_30816571_30998704	88.178	719	33	26	127111	127807	147720	148408	0.0	809
Ome_11_27787838_28092173	Opu_11_30816571_30998704	86.327	746	67	17	295821	296540	173783	174519	0.0	780
Ome_11_27787838_28092173	Opu_11_30816571_30998704	82.310	961	105	28	123089	124025	143655	144574	0.0	773
Ome_11_27787838_28092173	Opu_11_30816571_30998704	79.672	1097	164	39	29224	30310	100940	101987	0.0	736
Ome_11_27787838_28092173	Opu_11_30816571_30998704	81.588	869	150	9	79352	80215	91192	92055	0.0	710
Ome_11_27787838_28092173	Opu_11_30816571_30998704	84.409	744	86	14	295051	295785	172962	173684	0.0	704
Ome_11_27787838_28092173	Opu_11_30816571_30998704	81.286	871	155	6	79352	80218	92046	91180	0.0	699
Ome_11_27787838_28092173	Opu_11_30816571_30998704	92.708	480	24	8	118506	118978	140123	140598	0.0	682
Ome_11_27787838_28092173	Opu_11_30816571_30998704	77.963	1080	201	25	223678	224732	153792	154859	0.0	641
Ome_11_27787838_28092173	Opu_11_30816571_30998704	79.559	1042	98	51	35517	36493	63219	64210	0.0	638
Ome_11_27787838_28092173	Opu_11_30816571_30998704	84.806	645	77	11	88253	88885	17724	18359	2.52e-179	628
Ome_11_27787838_28092173	Opu_11_30816571_30998704	81.846	650	107	11	233259	233903	37308	37951	1.57e-151	536
Ome_11_27787838_28092173	Opu_11_30816571_30998704	86.036	444	56	3	211989	212427	49273	49715	4.49e-132	472
Ome_11_27787838_28092173	Opu_11_30816571_30998704	79.616	677	104	20	225232	225894	155475	156131	4.53e-127	455
Ome_11_27787838_28092173	Opu_11_30816571_30998704	84.211	456	62	9	87306	87755	16578	17029	5.90e-121	435
Ome_11_27787838_28092173	Opu_11_30816571_30998704	81.488	578	39	33	31211	31739	19702	20260	2.76e-114	412
Ome_11_27787838_28092173	Opu_11_30816571_30998704	83.117	462	66	8	28159	28613	100234	100690	9.94e-114	411
Ome_11_27787838_28092173	Opu_11_30816571_30998704	79.904	622	66	22	12667	13239	8259	8870	5.98e-111	401
Ome_11_27787838_28092173	Opu_11_30816571_30998704	79.508	610	88	24	276576	277172	46687	46102	2.15e-110	399
Ome_11_27787838_28092173	Opu_11_30816571_30998704	79.508	610	88	24	276576	277172	56010	55425	2.15e-110	399
Ome_11_27787838_28092173	Opu_11_30816571_30998704	90.789	304	16	5	115783	116083	136223	136517	2.78e-109	396
Ome_11_27787838_28092173	Opu_11_30816571_30998704	80.556	540	84	12	224684	225213	154883	155411	2.78e-109	396
Ome_11_27787838_28092173	Opu_11_30816571_30998704	80.855	491	86	6	80692	81176	92123	91635	2.80e-104	379
Ome_11_27787838_28092173	Opu_11_30816571_30998704	78.793	613	81	24	88894	89464	18401	19006	2.18e-100	366
Ome_11_27787838_28092173	Opu_11_30816571_30998704	92.578	256	16	3	94005	94258	121025	121279	7.85e-100	364
Ome_11_27787838_28092173	Opu_11_30816571_30998704	85.588	340	34	12	294406	294737	172333	172665	3.68e-93	342
Ome_11_27787838_28092173	Opu_11_30816571_30998704	87.415	294	22	5	6812	7103	3110	3390	1.33e-87	324
Ome_11_27787838_28092173	Opu_11_30816571_30998704	79.303	459	93	2	80522	80978	91098	91556	1.72e-86	320
Ome_11_27787838_28092173	Opu_11_30816571_30998704	79.724	434	82	6	80548	80978	92112	91682	3.73e-83	309
Ome_11_27787838_28092173	Opu_11_30816571_30998704	81.844	358	65	0	80466	80823	92039	91682	6.24e-81	302
Ome_11_27787838_28092173	Opu_11_30816571_30998704	90.991	222	10	5	53513	53733	98334	98546	1.35e-77	291
Ome_11_27787838_28092173	Opu_11_30816571_30998704	84.028	288	24	14	90853	91135	102973	103243	1.37e-67	257
Ome_11_27787838_28092173	Opu_11_30816571_30998704	91.099	191	12	3	125942	126132	146913	147098	1.77e-66	254
Ome_11_27787838_28092173	Opu_11_30816571_30998704	76.342	503	65	33	34732	35205	62137	62614	1.80e-56	220
Ome_11_27787838_28092173	Opu_11_30816571_30998704	87.432	183	20	2	30375	30554	102010	102192	1.40e-52	207
Ome_11_27787838_28092173	Opu_11_30816571_30998704	84.653	202	25	3	51299	51499	68019	68215	3.03e-49	196
Ome_11_27787838_28092173	Opu_11_30816571_30998704	81.659	229	9	6	91151	91360	109777	109991	3.97e-38	159
Ome_11_27787838_28092173	Opu_11_30816571_30998704	79.487	234	34	8	294821	295051	172711	172933	1.85e-36	154
Ome_11_27787838_28092173	Opu_11_30816571_30998704	76.596	282	60	2	99651	99932	162545	162820	2.39e-35	150
Ome_11_27787838_28092173	Opu_11_30816571_30998704	78.182	220	46	2	264477	264695	91837	92055	5.18e-32	139
Ome_11_27787838_28092173	Opu_11_30816571_30998704	81.564	179	21	7	89999	90177	102687	102853	1.86e-31	137
Ome_11_27787838_28092173	Opu_11_30816571_30998704	88.393	112	12	1	93886	93997	120166	120276	2.41e-30	134
Ome_11_27787838_28092173	Opu_11_30816571_30998704	84.848	132	16	4	276366	276494	115065	114935	3.12e-29	130
Ome_11_27787838_28092173	Opu_11_30816571_30998704	82.550	149	20	5	27514	27657	16091	16238	4.03e-28	126
Ome_11_27787838_28092173	Opu_11_30816571_30998704	87.273	110	6	7	296613	296721	174513	174615	6.75e-26	119
Ome_11_27787838_28092173	Opu_11_30816571_30998704	93.590	78	5	0	126402	126479	147124	147201	2.43e-25	117
Ome_11_27787838_28092173	Opu_11_30816571_30998704	90.698	86	3	3	91493	91578	110214	110294	4.06e-23	110
Ome_11_27787838_28092173	Opu_11_30816571_30998704	95.745	47	2	0	129395	129441	148419	148465	4.12e-13	76.8
Ome_11_27787838_28092173	Opu_11_30816571_30998704	83.133	83	12	2	110071	110152	112276	112195	1.48e-12	75.0
Ome_11_27787838_28092173	Opu_11_30816571_30998704	82.022	89	14	2	110071	110158	115965	116052	1.48e-12	75.0
Ome_11_27787838_28092173	Opu_11_30816571_30998704	83.750	80	8	5	154737	154813	116042	115965	1.92e-11	71.3
Ome_11_27787838_28092173	Opu_11_30816571_30998704	83.750	80	8	5	145993	146069	116042	115965	1.92e-11	71.3
Ome_11_27787838_28092173	Opu_11_30816571_30998704	82.500	80	9	5	145993	146069	112199	112276	8.91e-10	65.8
Ome_11_27787838_28092173	Opu_11_30816571_30998704	82.500	80	9	5	154737	154813	112199	112276	8.91e-10	65.8
Ome_11_27787838_28092173	Opu_11_30816571_30998704	100.000	30	0	0	106025	106054	135917	135946	5.36e-07	56.5
