Ome_1_2370629_2401557	Opu_1_2220767_2239337	90.875	4767	285	78	21208	25934	9386	14042	0.0	6255
Ome_1_2370629_2401557	Opu_1_2220767_2239337	92.017	3207	233	10	15829	19027	4037	7228	0.0	4482
Ome_1_2370629_2401557	Opu_1_2220767_2239337	95.588	2312	81	7	9791	12097	3349	5644	0.0	3685
Ome_1_2370629_2401557	Opu_1_2220767_2239337	92.843	1020	44	13	12607	13600	1	1017	0.0	1452
Ome_1_2370629_2401557	Opu_1_2220767_2239337	86.002	1293	79	42	27988	29253	15777	16994	0.0	1291
Ome_1_2370629_2401557	Opu_1_2220767_2239337	86.028	1231	93	32	29750	30929	17369	18571	0.0	1247
Ome_1_2370629_2401557	Opu_1_2220767_2239337	85.803	1127	69	47	26741	27805	14684	15781	0.0	1110
Ome_1_2370629_2401557	Opu_1_2220767_2239337	86.315	1023	72	27	14809	15798	3048	4035	0.0	1051
Ome_1_2370629_2401557	Opu_1_2220767_2239337	86.747	996	68	30	20237	21203	8380	9340	0.0	1050
Ome_1_2370629_2401557	Opu_1_2220767_2239337	85.764	857	51	29	8768	9601	15940	16748	0.0	841
Ome_1_2370629_2401557	Opu_1_2220767_2239337	94.182	550	27	5	19009	19556	7241	7787	0.0	833
Ome_1_2370629_2401557	Opu_1_2220767_2239337	84.444	765	51	36	5393	6112	14715	15456	0.0	691
Ome_1_2370629_2401557	Opu_1_2220767_2239337	94.024	251	9	5	13887	14134	2752	2999	3.75e-105	375
Ome_1_2370629_2401557	Opu_1_2220767_2239337	91.304	230	17	3	19602	19829	7761	7989	1.07e-85	311
Ome_1_2370629_2401557	Opu_1_2220767_2239337	88.235	272	15	5	6407	6669	15518	15781	3.86e-85	309
Ome_1_2370629_2401557	Opu_1_2220767_2239337	82.796	372	23	9	19802	20170	8019	8352	1.08e-80	294
Ome_1_2370629_2401557	Opu_1_2220767_2239337	95.294	170	8	0	6863	7032	15784	15953	1.82e-73	270
Ome_1_2370629_2401557	Opu_1_2220767_2239337	83.974	156	16	8	29508	29656	17217	17370	1.49e-34	141
Ome_1_2370629_2401557	Opu_1_2220767_2239337	82.840	169	12	9	26244	26408	14098	14253	6.93e-33	135
Ome_1_2370629_2401557	Opu_1_2220767_2239337	96.154	78	3	0	26571	26648	14434	14511	1.16e-30	128
Ome_1_2370629_2401557	Opu_1_2220767_2239337	88.679	106	8	1	13783	13884	1065	1170	4.17e-30	126
Ome_1_2370629_2401557	Opu_1_2220767_2239337	86.813	91	11	1	702	792	14422	14511	2.53e-22	100
Ome_1_2370629_2401557	Opu_1_2220767_2239337	97.778	45	1	0	3460	3504	14682	14726	1.18e-15	78.7
