Ome_1_2370629_2543685	Opu_1_2220767_2387722	90.875	4767	285	78	21208	25934	9386	14042	0.0	6255
Ome_1_2370629_2543685	Opu_1_2220767_2387722	90.719	4676	312	47	155861	160457	161678	166310	0.0	6119
Ome_1_2370629_2543685	Opu_1_2220767_2387722	89.294	4605	349	68	131646	136175	116819	121354	0.0	5640
Ome_1_2370629_2543685	Opu_1_2220767_2387722	95.382	2945	95	18	48739	51673	43286	46199	0.0	4647
Ome_1_2370629_2543685	Opu_1_2220767_2387722	92.017	3207	233	10	15829	19027	4037	7228	0.0	4482
Ome_1_2370629_2543685	Opu_1_2220767_2387722	91.699	3301	154	45	88256	91478	73745	77003	0.0	4468
Ome_1_2370629_2543685	Opu_1_2220767_2387722	90.080	3377	224	53	111459	114776	92953	96277	0.0	4277
Ome_1_2370629_2543685	Opu_1_2220767_2387722	91.488	2890	199	31	33129	35994	23373	26239	0.0	3930
Ome_1_2370629_2543685	Opu_1_2220767_2387722	95.588	2312	81	7	9791	12097	3349	5644	0.0	3685
Ome_1_2370629_2543685	Opu_1_2220767_2387722	89.867	2941	180	63	91836	94704	77374	80268	0.0	3672
Ome_1_2370629_2543685	Opu_1_2220767_2387722	93.038	2442	86	33	125575	127964	106152	108561	0.0	3491
Ome_1_2370629_2543685	Opu_1_2220767_2387722	87.801	2820	196	63	55584	58351	50617	53340	0.0	3166
Ome_1_2370629_2543685	Opu_1_2220767_2387722	93.844	1592	51	22	120224	121806	102083	103636	0.0	2353
Ome_1_2370629_2543685	Opu_1_2220767_2387722	94.009	1569	61	19	54020	55573	48439	49989	0.0	2346
Ome_1_2370629_2543685	Opu_1_2220767_2387722	79.914	3271	597	49	167505	170737	161864	165112	0.0	2346
Ome_1_2370629_2543685	Opu_1_2220767_2387722	89.171	1736	136	24	80960	82674	60751	62455	0.0	2117
Ome_1_2370629_2543685	Opu_1_2220767_2387722	85.693	2055	183	47	151249	153246	155725	157725	0.0	2063
Ome_1_2370629_2543685	Opu_1_2220767_2387722	93.079	1416	73	13	100290	101690	87415	88820	0.0	2049
Ome_1_2370629_2543685	Opu_1_2220767_2387722	87.061	1793	222	6	23009	24796	150938	149151	0.0	2017
Ome_1_2370629_2543685	Opu_1_2220767_2387722	81.302	2503	398	50	168247	170706	13056	10581	0.0	1965
Ome_1_2370629_2543685	Opu_1_2220767_2387722	79.618	2772	509	40	167969	170706	148712	151461	0.0	1938
Ome_1_2370629_2543685	Opu_1_2220767_2387722	83.333	2124	313	27	149443	151540	13226	11118	0.0	1923
Ome_1_2370629_2543685	Opu_1_2220767_2387722	90.909	1441	97	19	67690	69111	60069	61494	0.0	1905
Ome_1_2370629_2543685	Opu_1_2220767_2387722	89.567	1524	114	24	71012	72511	61792	63294	0.0	1892
Ome_1_2370629_2543685	Opu_1_2220767_2387722	79.454	2711	497	48	156060	158740	13798	11118	0.0	1866
Ome_1_2370629_2543685	Opu_1_2220767_2387722	80.998	2384	395	41	149757	152099	149151	151517	0.0	1840
Ome_1_2370629_2543685	Opu_1_2220767_2387722	90.851	1399	60	30	94695	96053	80325	81695	0.0	1812
Ome_1_2370629_2543685	Opu_1_2220767_2387722	95.911	1076	42	2	42192	43267	35417	36490	0.0	1742
Ome_1_2370629_2543685	Opu_1_2220767_2387722	94.883	1114	46	7	43410	44519	36913	38019	0.0	1731
Ome_1_2370629_2543685	Opu_1_2220767_2387722	83.963	1827	196	43	63423	65206	61522	63294	0.0	1661
Ome_1_2370629_2543685	Opu_1_2220767_2387722	89.142	1363	102	24	105953	107307	87475	88799	0.0	1655
Ome_1_2370629_2543685	Opu_1_2220767_2387722	92.843	1020	44	13	12607	13600	1	1017	0.0	1452
Ome_1_2370629_2543685	Opu_1_2220767_2387722	89.214	1196	66	34	109295	110447	90157	91332	0.0	1435
Ome_1_2370629_2543685	Opu_1_2220767_2387722	93.981	947	48	7	37066	38008	27232	28173	0.0	1424
Ome_1_2370629_2543685	Opu_1_2220767_2387722	87.984	1240	93	25	153573	154788	157725	158932	0.0	1413
Ome_1_2370629_2543685	Opu_1_2220767_2387722	86.556	1324	86	34	39069	40354	32150	33419	0.0	1375
Ome_1_2370629_2543685	Opu_1_2220767_2387722	85.949	1338	119	39	137206	138509	127714	129016	0.0	1365
Ome_1_2370629_2543685	Opu_1_2220767_2387722	85.007	1394	106	46	118520	119889	100523	101837	0.0	1321
Ome_1_2370629_2543685	Opu_1_2220767_2387722	86.023	1295	75	45	27988	29253	15777	16994	0.0	1291
Ome_1_2370629_2543685	Opu_1_2220767_2387722	86.248	1258	79	37	142601	143840	133850	135031	0.0	1279
Ome_1_2370629_2543685	Opu_1_2220767_2387722	86.160	1250	94	32	29750	30948	17369	18590	0.0	1277
Ome_1_2370629_2543685	Opu_1_2220767_2387722	87.018	1063	93	27	38005	39044	31005	32045	0.0	1157
Ome_1_2370629_2543685	Opu_1_2220767_2387722	79.224	1805	237	69	71020	72790	52722	54422	0.0	1129
Ome_1_2370629_2543685	Opu_1_2220767_2387722	91.429	840	47	12	58351	59178	53305	54131	0.0	1129
Ome_1_2370629_2543685	Opu_1_2220767_2387722	85.803	1127	69	47	26741	27805	14684	15781	0.0	1110
Ome_1_2370629_2543685	Opu_1_2220767_2387722	82.829	1322	121	45	140555	141812	127696	128975	0.0	1086
Ome_1_2370629_2543685	Opu_1_2220767_2387722	86.315	1023	72	27	14809	15798	3048	4035	0.0	1051
Ome_1_2370629_2543685	Opu_1_2220767_2387722	86.747	996	68	30	20237	21203	8380	9340	0.0	1050
Ome_1_2370629_2543685	Opu_1_2220767_2387722	79.301	1546	222	54	57683	59178	61771	63268	0.0	992
Ome_1_2370629_2543685	Opu_1_2220767_2387722	90.788	749	52	12	82791	83534	62558	63294	0.0	985
Ome_1_2370629_2543685	Opu_1_2220767_2387722	88.517	836	64	25	20375	21197	158834	158018	0.0	983
Ome_1_2370629_2543685	Opu_1_2220767_2387722	84.863	1057	65	41	97621	98664	85022	85996	0.0	977
Ome_1_2370629_2543685	Opu_1_2220767_2387722	84.387	1044	106	31	64405	65413	53344	54365	0.0	972
Ome_1_2370629_2543685	Opu_1_2220767_2387722	87.108	861	58	24	84464	85314	70429	71246	0.0	926
Ome_1_2370629_2543685	Opu_1_2220767_2387722	86.490	866	86	19	169898	170737	155725	156585	0.0	922
Ome_1_2370629_2543685	Opu_1_2220767_2387722	92.068	643	29	11	47741	48382	42400	43021	0.0	885
Ome_1_2370629_2543685	Opu_1_2220767_2387722	84.753	892	103	22	153775	154647	9426	8549	0.0	863
Ome_1_2370629_2543685	Opu_1_2220767_2387722	90.673	654	32	8	160496	161127	166307	166953	0.0	843
Ome_1_2370629_2543685	Opu_1_2220767_2387722	85.764	857	51	29	8768	9601	15940	16748	0.0	841
Ome_1_2370629_2543685	Opu_1_2220767_2387722	94.182	550	27	5	19009	19556	7241	7787	0.0	833
Ome_1_2370629_2543685	Opu_1_2220767_2387722	86.752	785	59	17	122379	123131	104398	105169	0.0	832
Ome_1_2370629_2543685	Opu_1_2220767_2387722	80.632	1234	102	65	40389	41540	33666	34844	0.0	828
Ome_1_2370629_2543685	Opu_1_2220767_2387722	83.532	923	79	24	103759	104657	85123	85996	0.0	795
Ome_1_2370629_2543685	Opu_1_2220767_2387722	86.933	727	70	18	160574	161291	9287	8577	0.0	793
Ome_1_2370629_2543685	Opu_1_2220767_2387722	89.009	646	64	6	36472	37114	26536	27177	0.0	793
Ome_1_2370629_2543685	Opu_1_2220767_2387722	91.074	605	27	5	121810	122393	103671	104269	0.0	793
Ome_1_2370629_2543685	Opu_1_2220767_2387722	91.192	579	37	9	172475	173043	9314	8740	0.0	774
Ome_1_2370629_2543685	Opu_1_2220767_2387722	81.194	1005	150	22	22312	23298	156708	155725	0.0	773
Ome_1_2370629_2543685	Opu_1_2220767_2387722	88.837	645	48	10	83563	84200	63469	64096	0.0	771
Ome_1_2370629_2543685	Opu_1_2220767_2387722	85.904	752	71	23	160554	161292	158044	158773	0.0	769
Ome_1_2370629_2543685	Opu_1_2220767_2387722	90.988	577	39	8	172475	173043	158038	158609	0.0	765
Ome_1_2370629_2543685	Opu_1_2220767_2387722	93.567	513	27	3	44535	45043	39144	39654	0.0	760
Ome_1_2370629_2543685	Opu_1_2220767_2387722	93.988	499	24	5	172565	173057	134289	134787	0.0	750
Ome_1_2370629_2543685	Opu_1_2220767_2387722	94.130	494	23	2	160638	161125	134289	134782	0.0	747
Ome_1_2370629_2543685	Opu_1_2220767_2387722	87.206	680	56	15	110757	111421	92294	92957	0.0	745
Ome_1_2370629_2543685	Opu_1_2220767_2387722	91.039	558	36	10	153927	154471	166400	166956	0.0	741
Ome_1_2370629_2543685	Opu_1_2220767_2387722	93.613	501	22	7	20584	21078	134785	134289	0.0	739
Ome_1_2370629_2543685	Opu_1_2220767_2387722	87.126	668	56	20	143080	143734	9221	8571	0.0	730
Ome_1_2370629_2543685	Opu_1_2220767_2387722	87.577	652	51	20	143080	143718	158128	158762	0.0	728
Ome_1_2370629_2543685	Opu_1_2220767_2387722	84.516	775	73	24	46401	47131	40923	41694	0.0	723
Ome_1_2370629_2543685	Opu_1_2220767_2387722	89.807	569	45	6	172473	173034	166364	166926	0.0	717
Ome_1_2370629_2543685	Opu_1_2220767_2387722	92.338	509	28	6	53510	54017	47910	48408	0.0	713
Ome_1_2370629_2543685	Opu_1_2220767_2387722	89.492	590	20	20	52191	52760	46894	47461	0.0	708
Ome_1_2370629_2543685	Opu_1_2220767_2387722	88.303	607	49	13	20583	21180	166956	166363	0.0	708
Ome_1_2370629_2543685	Opu_1_2220767_2387722	84.444	765	51	36	5393	6112	14715	15456	0.0	691
Ome_1_2370629_2543685	Opu_1_2220767_2387722	88.889	567	35	16	153985	154533	134289	134845	0.0	673
Ome_1_2370629_2543685	Opu_1_2220767_2387722	91.124	507	28	7	143080	143581	166462	166956	0.0	671
Ome_1_2370629_2543685	Opu_1_2220767_2387722	86.103	662	39	23	107974	108592	89347	89998	0.0	664
Ome_1_2370629_2543685	Opu_1_2220767_2387722	78.922	1020	129	40	82787	83775	53420	54384	3.68e-175	614
Ome_1_2370629_2543685	Opu_1_2220767_2387722	92.202	436	24	4	67263	67690	58884	59317	1.71e-173	608
Ome_1_2370629_2543685	Opu_1_2220767_2387722	89.336	497	28	9	85942	86427	71237	71719	2.86e-171	601
Ome_1_2370629_2543685	Opu_1_2220767_2387722	85.785	605	31	23	45360	45939	39978	40552	6.20e-168	590
Ome_1_2370629_2543685	Opu_1_2220767_2387722	87.016	516	40	21	117037	117542	99304	99802	6.29e-158	556
Ome_1_2370629_2543685	Opu_1_2220767_2387722	81.780	708	78	26	63677	64379	52688	53349	1.36e-154	545
Ome_1_2370629_2543685	Opu_1_2220767_2387722	83.206	655	41	20	78152	78768	59425	60048	8.19e-152	536
Ome_1_2370629_2543685	Opu_1_2220767_2387722	82.468	616	99	9	151592	152202	11034	10423	3.81e-150	531
Ome_1_2370629_2543685	Opu_1_2220767_2387722	89.767	430	23	10	115026	115437	96294	96720	3.81e-150	531
Ome_1_2370629_2543685	Opu_1_2220767_2387722	89.195	435	29	10	141992	142418	133239	133663	4.93e-149	527
Ome_1_2370629_2543685	Opu_1_2220767_2387722	91.489	376	22	6	41821	42192	35017	35386	1.79e-143	508
Ome_1_2370629_2543685	Opu_1_2220767_2387722	90.601	383	26	5	72540	72920	63469	63843	1.07e-140	499
Ome_1_2370629_2543685	Opu_1_2220767_2387722	90.909	352	18	8	53131	53475	47585	47929	5.07e-129	460
Ome_1_2370629_2543685	Opu_1_2220767_2387722	89.646	367	26	7	73089	73452	53999	54356	6.56e-128	457
Ome_1_2370629_2543685	Opu_1_2220767_2387722	89.617	366	25	7	127996	128357	108555	108911	8.49e-127	453
Ome_1_2370629_2543685	Opu_1_2220767_2387722	91.875	320	16	2	102314	102623	89347	89666	2.38e-122	438
Ome_1_2370629_2543685	Opu_1_2220767_2387722	87.013	385	47	3	12115	12498	140792	141174	3.98e-120	431
Ome_1_2370629_2543685	Opu_1_2220767_2387722	94.526	274	15	0	48434	48707	43019	43292	6.65e-118	424
Ome_1_2370629_2543685	Opu_1_2220767_2387722	84.375	416	65	0	167510	167925	148300	148715	1.86e-113	409
Ome_1_2370629_2543685	Opu_1_2220767_2387722	86.685	368	39	6	80170	80528	60331	60697	1.12e-110	399
Ome_1_2370629_2543685	Opu_1_2220767_2387722	71.810	1575	390	46	133717	135267	163007	164551	1.12e-110	399
Ome_1_2370629_2543685	Opu_1_2220767_2387722	78.517	661	88	26	81972	82625	52685	53298	3.14e-106	385
Ome_1_2370629_2543685	Opu_1_2220767_2387722	94.024	251	9	5	13887	14134	2752	2999	1.89e-103	375
Ome_1_2370629_2543685	Opu_1_2220767_2387722	89.547	287	14	10	115696	115974	97112	97390	1.15e-95	350
Ome_1_2370629_2543685	Opu_1_2220767_2387722	94.170	223	11	2	51733	51953	46365	46587	2.48e-92	339
Ome_1_2370629_2543685	Opu_1_2220767_2387722	79.192	495	94	6	22371	22864	151554	151068	3.21e-91	335
Ome_1_2370629_2543685	Opu_1_2220767_2387722	90.514	253	20	3	75104	75353	66461	66712	4.15e-90	331
Ome_1_2370629_2543685	Opu_1_2220767_2387722	86.667	315	16	10	66731	67034	58292	58591	1.93e-88	326
Ome_1_2370629_2543685	Opu_1_2220767_2387722	88.489	278	13	4	130962	131237	114068	114328	3.23e-86	318
Ome_1_2370629_2543685	Opu_1_2220767_2387722	87.075	294	18	9	131244	131518	114379	114671	4.18e-85	315
Ome_1_2370629_2543685	Opu_1_2220767_2387722	87.629	291	8	12	117541	117826	99914	100181	1.50e-84	313
Ome_1_2370629_2543685	Opu_1_2220767_2387722	91.304	230	17	3	19602	19829	7761	7989	5.40e-84	311
Ome_1_2370629_2543685	Opu_1_2220767_2387722	82.584	356	58	4	148902	149255	148356	148709	5.40e-84	311
Ome_1_2370629_2543685	Opu_1_2220767_2387722	88.235	272	15	5	6407	6669	15518	15781	1.94e-83	309
Ome_1_2370629_2543685	Opu_1_2220767_2387722	85.906	298	33	2	158449	158737	155725	156022	1.94e-83	309
Ome_1_2370629_2543685	Opu_1_2220767_2387722	81.675	382	56	8	57103	57478	60744	61117	2.51e-82	305
Ome_1_2370629_2543685	Opu_1_2220767_2387722	89.583	240	17	4	110521	110760	91804	92035	4.21e-80	298
Ome_1_2370629_2543685	Opu_1_2220767_2387722	79.418	447	71	14	80960	81393	52130	52568	1.51e-79	296
Ome_1_2370629_2543685	Opu_1_2220767_2387722	82.796	372	23	9	19802	20170	8019	8352	5.44e-79	294
Ome_1_2370629_2543685	Opu_1_2220767_2387722	87.449	247	21	8	65563	65801	54355	54599	1.97e-73	276
Ome_1_2370629_2543685	Opu_1_2220767_2387722	82.979	329	28	14	45948	46262	40603	40917	2.55e-72	272
Ome_1_2370629_2543685	Opu_1_2220767_2387722	91.176	204	13	3	70776	70975	61589	61791	2.55e-72	272
Ome_1_2370629_2543685	Opu_1_2220767_2387722	95.294	170	8	0	6863	7032	15784	15953	9.17e-72	270
Ome_1_2370629_2543685	Opu_1_2220767_2387722	92.708	192	7	5	98806	98997	86179	86363	9.17e-72	270
Ome_1_2370629_2543685	Opu_1_2220767_2387722	88.182	220	20	4	101701	101917	89131	89347	7.14e-68	257
Ome_1_2370629_2543685	Opu_1_2220767_2387722	92.982	171	8	2	32730	32900	20938	21104	1.55e-64	246
Ome_1_2370629_2543685	Opu_1_2220767_2387722	79.481	385	48	17	56366	56731	60009	60381	5.56e-64	244
Ome_1_2370629_2543685	Opu_1_2220767_2387722	90.556	180	12	4	73966	74145	59241	59415	1.20e-60	233
Ome_1_2370629_2543685	Opu_1_2220767_2387722	96.429	140	5	0	43272	43411	36728	36867	4.33e-60	231
Ome_1_2370629_2543685	Opu_1_2220767_2387722	75.800	500	91	19	58477	58958	69083	69570	2.01e-58	226
Ome_1_2370629_2543685	Opu_1_2220767_2387722	75.899	473	82	22	71787	72233	69093	69559	1.57e-54	213
Ome_1_2370629_2543685	Opu_1_2220767_2387722	85.922	206	19	6	140256	140458	122707	122905	5.64e-54	211
Ome_1_2370629_2543685	Opu_1_2220767_2387722	89.412	170	10	1	73485	73646	59121	59290	7.29e-53	207
Ome_1_2370629_2543685	Opu_1_2220767_2387722	83.929	224	22	9	155646	155867	161407	161618	3.39e-51	202
Ome_1_2370629_2543685	Opu_1_2220767_2387722	75.205	488	86	26	64496	64958	69093	69570	4.39e-50	198
Ome_1_2370629_2543685	Opu_1_2220767_2387722	90.226	133	13	0	74213	74345	66342	66474	7.40e-43	174
Ome_1_2370629_2543685	Opu_1_2220767_2387722	89.313	131	5	5	123197	123323	105290	105415	2.68e-37	156
Ome_1_2370629_2543685	Opu_1_2220767_2387722	90.826	109	9	1	79258	79366	60189	60296	5.80e-34	145
Ome_1_2370629_2543685	Opu_1_2220767_2387722	83.974	156	16	8	29508	29656	17217	17370	7.50e-33	141
Ome_1_2370629_2543685	Opu_1_2220767_2387722	83.444	151	21	4	53843	53991	68312	68460	9.71e-32	137
Ome_1_2370629_2543685	Opu_1_2220767_2387722	82.840	169	12	9	26244	26408	14098	14253	3.49e-31	135
Ome_1_2370629_2543685	Opu_1_2220767_2387722	90.654	107	3	3	128585	128690	108904	109004	3.49e-31	135
Ome_1_2370629_2543685	Opu_1_2220767_2387722	76.898	303	27	17	59368	59662	54136	54403	4.52e-30	132
Ome_1_2370629_2543685	Opu_1_2220767_2387722	96.154	78	3	0	26571	26648	14434	14511	5.84e-29	128
Ome_1_2370629_2543685	Opu_1_2220767_2387722	92.308	91	6	1	74143	74233	59324	59413	5.84e-29	128
Ome_1_2370629_2543685	Opu_1_2220767_2387722	88.679	106	8	1	13783	13884	1065	1170	2.10e-28	126
Ome_1_2370629_2543685	Opu_1_2220767_2387722	80.357	168	27	5	73089	73255	63132	63294	2.72e-27	122
Ome_1_2370629_2543685	Opu_1_2220767_2387722	79.899	199	13	11	32509	32689	20738	20927	9.78e-27	121
Ome_1_2370629_2543685	Opu_1_2220767_2387722	86.957	115	5	3	32913	33017	21480	21594	9.78e-27	121
Ome_1_2370629_2543685	Opu_1_2220767_2387722	90.588	85	8	0	59980	60064	63911	63995	1.64e-24	113
Ome_1_2370629_2543685	Opu_1_2220767_2387722	92.000	75	6	0	102661	102735	89678	89752	2.74e-22	106
Ome_1_2370629_2543685	Opu_1_2220767_2387722	88.506	87	7	2	52070	52156	46737	46820	3.54e-21	102
Ome_1_2370629_2543685	Opu_1_2220767_2387722	86.813	91	11	1	702	792	14422	14511	1.27e-20	100
Ome_1_2370629_2543685	Opu_1_2220767_2387722	71.789	436	88	29	71788	72209	48983	49397	7.66e-18	91.6
Ome_1_2370629_2543685	Opu_1_2220767_2387722	88.889	72	7	1	64853	64923	49326	49397	9.91e-17	87.9
Ome_1_2370629_2543685	Opu_1_2220767_2387722	94.545	55	3	0	81611	81665	61518	61572	3.57e-16	86.1
Ome_1_2370629_2543685	Opu_1_2220767_2387722	97.778	45	1	0	3460	3504	14682	14726	5.97e-14	78.7
Ome_1_2370629_2543685	Opu_1_2220767_2387722	94.872	39	2	0	82627	82665	53315	53353	6.01e-09	62.1
Ome_1_2370629_2543685	Opu_1_2220767_2387722	100.000	29	0	0	36060	36088	26349	26377	1.01e-06	54.7
Ome_1_2370629_2543685	Opu_1_2220767_2387722	96.875	32	1	0	80686	80717	60721	60752	1.01e-06	54.7
