Ome_3_39637979_39692596	Opu_3_40138054_40206290	94.383	4647	180	28	2219	6822	2257	6865	0.0	7060
Ome_3_39637979_39692596	Opu_3_40138054_40206290	87.087	5653	517	104	49080	54611	62677	68237	0.0	6198
Ome_3_39637979_39692596	Opu_3_40138054_40206290	91.794	2620	205	10	44361	46977	46767	49379	0.0	3639
Ome_3_39637979_39692596	Opu_3_40138054_40206290	92.985	2466	85	32	10980	13382	11429	13869	0.0	3515
Ome_3_39637979_39692596	Opu_3_40138054_40206290	93.487	2165	94	20	13394	15533	13922	16064	0.0	3173
Ome_3_39637979_39692596	Opu_3_40138054_40206290	89.139	2265	131	62	28925	31122	30776	32992	0.0	2713
Ome_3_39637979_39692596	Opu_3_40138054_40206290	90.789	1965	111	37	18809	20725	17744	19686	0.0	2562
Ome_3_39637979_39692596	Opu_3_40138054_40206290	86.512	2202	133	85	80	2229	3	2092	0.0	2270
Ome_3_39637979_39692596	Opu_3_40138054_40206290	90.355	1493	58	26	34253	35702	37558	39007	0.0	1881
Ome_3_39637979_39692596	Opu_3_40138054_40206290	91.875	1280	53	25	31127	32393	33029	34270	0.0	1740
Ome_3_39637979_39692596	Opu_3_40138054_40206290	91.135	1286	55	21	9674	10943	10103	11345	0.0	1688
Ome_3_39637979_39692596	Opu_3_40138054_40206290	91.964	896	37	11	8716	9591	9228	10108	0.0	1223
Ome_3_39637979_39692596	Opu_3_40138054_40206290	88.968	979	82	12	47045	48005	49420	50390	0.0	1186
Ome_3_39637979_39692596	Opu_3_40138054_40206290	88.915	857	54	18	17143	17977	16914	17751	0.0	1018
Ome_3_39637979_39692596	Opu_3_40138054_40206290	89.757	742	63	7	27263	27991	27830	28571	0.0	937
Ome_3_39637979_39692596	Opu_3_40138054_40206290	95.181	581	28	0	35997	36577	39025	39605	0.0	918
Ome_3_39637979_39692596	Opu_3_40138054_40206290	92.044	641	47	4	43667	44305	46124	46762	0.0	898
Ome_3_39637979_39692596	Opu_3_40138054_40206290	88.312	770	41	20	6992	7743	6930	7668	0.0	878
Ome_3_39637979_39692596	Opu_3_40138054_40206290	93.401	591	30	4	7795	8379	7777	8364	0.0	867
Ome_3_39637979_39692596	Opu_3_40138054_40206290	93.428	563	30	3	38427	38983	44521	45082	0.0	828
Ome_3_39637979_39692596	Opu_3_40138054_40206290	88.958	643	39	11	33042	33673	34778	35399	0.0	765
Ome_3_39637979_39692596	Opu_3_40138054_40206290	90.018	551	49	5	38165	38711	42545	43093	0.0	708
Ome_3_39637979_39692596	Opu_3_40138054_40206290	84.097	698	49	16	24938	25610	25037	25697	3.67e-177	617
Ome_3_39637979_39692596	Opu_3_40138054_40206290	90.281	463	21	10	37089	37549	41202	41642	3.72e-167	584
Ome_3_39637979_39692596	Opu_3_40138054_40206290	84.602	565	61	16	26717	27263	26948	27504	2.94e-153	538
Ome_3_39637979_39692596	Opu_3_40138054_40206290	94.702	302	9	4	32397	32695	34481	34778	1.82e-130	462
Ome_3_39637979_39692596	Opu_3_40138054_40206290	91.940	335	18	5	36568	36899	39629	39957	6.54e-130	460
Ome_3_39637979_39692596	Opu_3_40138054_40206290	83.382	343	39	15	40347	40680	36971	37304	4.19e-82	302
Ome_3_39637979_39692596	Opu_3_40138054_40206290	78.010	573	42	40	16385	16880	16249	16814	1.52e-76	283
Ome_3_39637979_39692596	Opu_3_40138054_40206290	84.797	296	19	12	23609	23886	20166	20453	9.14e-74	274
Ome_3_39637979_39692596	Opu_3_40138054_40206290	85.115	262	16	9	20805	21055	19787	20036	1.99e-65	246
Ome_3_39637979_39692596	Opu_3_40138054_40206290	86.232	138	9	6	8588	8725	8724	8851	9.67e-34	141
Ome_3_39637979_39692596	Opu_3_40138054_40206290	79.130	230	27	16	37545	37760	41672	41894	3.48e-33	139
Ome_3_39637979_39692596	Opu_3_40138054_40206290	91.667	96	4	3	23507	23602	20028	20119	2.09e-30	130
Ome_3_39637979_39692596	Opu_3_40138054_40206290	93.103	58	3	1	33751	33808	37443	37499	1.65e-16	84.2
Ome_3_39637979_39692596	Opu_3_40138054_40206290	88.889	54	6	0	8510	8563	8684	8737	1.67e-11	67.6
Ome_3_39637979_39692596	Opu_3_40138054_40206290	96.970	33	1	0	29019	29051	28854	28886	3.60e-08	56.5
