Oni_1_2660243_2702749	Oba_1_2429713_2454858	98.511	5371	55	4	5155	10524	5202	10548	0.0	9452
Oni_1_2660243_2702749	Oba_1_2429713_2454858	97.566	5217	102	17	1	5200	1	5209	0.0	8907
Oni_1_2660243_2702749	Oba_1_2429713_2454858	97.571	5147	60	16	37413	42507	20013	25146	0.0	8752
Oni_1_2660243_2702749	Oba_1_2429713_2454858	98.712	4270	28	7	10691	14935	10550	14817	0.0	7555
Oni_1_2660243_2702749	Oba_1_2429713_2454858	98.856	3934	13	5	33249	37182	16124	20025	0.0	6986
Oni_1_2660243_2702749	Oba_1_2429713_2454858	91.345	3316	240	15	27180	30464	10550	13849	0.0	4490
Oni_1_2660243_2702749	Oba_1_2429713_2454858	99.212	1650	10	3	31304	32952	14440	16087	0.0	2972
Oni_1_2660243_2702749	Oba_1_2429713_2454858	93.813	1099	33	12	19369	20458	15375	16447	0.0	1620
Oni_1_2660243_2702749	Oba_1_2429713_2454858	90.909	858	38	16	8740	9576	22359	23197	0.0	1116
Oni_1_2660243_2702749	Oba_1_2429713_2454858	94.142	734	27	13	38385	39108	5394	6121	0.0	1103
Oni_1_2660243_2702749	Oba_1_2429713_2454858	93.324	734	32	14	5347	6074	20982	21704	0.0	1068
Oni_1_2660243_2702749	Oba_1_2429713_2454858	89.243	846	50	20	39761	40575	8765	9600	0.0	1020
Oni_1_2660243_2702749	Oba_1_2429713_2454858	95.596	545	18	3	18834	19378	14811	15349	0.0	869
Oni_1_2660243_2702749	Oba_1_2429713_2454858	89.796	686	40	10	39107	39774	6356	7029	0.0	852
Oni_1_2660243_2702749	Oba_1_2429713_2454858	87.411	699	56	18	6309	7004	21703	22372	0.0	774
Oni_1_2660243_2702749	Oba_1_2429713_2454858	86.467	569	38	21	30731	31283	13902	14447	8.24e-169	588
Oni_1_2660243_2702749	Oba_1_2429713_2454858	88.421	285	20	6	26464	26747	10047	10319	1.53e-91	331
Oni_1_2660243_2702749	Oba_1_2429713_2454858	98.851	174	2	0	33075	33248	15999	16172	2.00e-85	311
Oni_1_2660243_2702749	Oba_1_2429713_2454858	99.206	126	1	0	32949	33074	15939	16064	2.07e-60	228
Oni_1_2660243_2702749	Oba_1_2429713_2454858	82.258	248	23	11	1	238	20555	20791	2.10e-50	195
Oni_1_2660243_2702749	Oba_1_2429713_2454858	92.632	95	6	1	3403	3496	20893	20987	1.29e-32	135
Oni_1_2660243_2702749	Oba_1_2429713_2454858	96.970	66	2	0	26948	27013	10483	10548	2.17e-25	111
Oni_1_2660243_2702749	Oba_1_2429713_2454858	90.541	74	7	0	717	790	20785	20858	1.69e-21	99.0
Oni_1_2660243_2702749	Oba_1_2429713_2454858	91.667	60	4	1	8963	9022	22511	22569	1.70e-16	82.4
Oni_1_2660243_2702749	Oba_1_2429713_2454858	100.000	42	0	0	8669	8710	8653	8694	2.21e-15	78.7
