Oni_3_38758661_38780010	Oru_Chr3_1098389_33792541	99.246	14712	56	16	1594	16281	32674791	32689471	0.0	26502
Oni_3_38758661_38780010	Oru_Chr3_1098389_33792541	98.362	4702	30	11	16667	21350	32689481	32694153	0.0	8213
Oni_3_38758661_38780010	Oru_Chr3_1098389_33792541	99.462	1673	9	0	1	1673	32673159	32674831	0.0	3040
Oni_3_38758661_38780010	Oru_Chr3_1098389_33792541	92.308	351	13	3	16287	16637	23321581	23321245	2.02e-135	486
Oni_3_38758661_38780010	Oru_Chr3_1098389_33792541	91.643	359	15	4	16284	16642	4029289	4029632	2.61e-134	483
Oni_3_38758661_38780010	Oru_Chr3_1098389_33792541	92.045	352	14	3	16287	16638	6458235	6458572	2.61e-134	483
Oni_3_38758661_38780010	Oru_Chr3_1098389_33792541	92.023	351	14	4	16287	16637	6399804	6400140	9.39e-134	481
Oni_3_38758661_38780010	Oru_Chr3_1098389_33792541	92.000	350	15	3	16288	16637	5393885	5394221	3.38e-133	479
Oni_3_38758661_38780010	Oru_Chr3_1098389_33792541	91.738	351	15	4	16287	16637	15773408	15773744	4.37e-132	475
Oni_3_38758661_38780010	Oru_Chr3_1098389_33792541	91.738	351	15	3	16287	16637	29919007	29919343	4.37e-132	475
Oni_3_38758661_38780010	Oru_Chr3_1098389_33792541	90.463	367	19	5	16287	16651	6895807	6895455	2.03e-130	470
Oni_3_38758661_38780010	Oru_Chr3_1098389_33792541	91.011	356	18	8	16284	16639	27141314	27141655	7.31e-130	468
Oni_3_38758661_38780010	Oru_Chr3_1098389_33792541	90.986	355	17	5	16287	16640	2567295	2566955	9.46e-129	464
Oni_3_38758661_38780010	Oru_Chr3_1098389_33792541	91.168	351	17	3	16287	16637	27142105	27141769	9.46e-129	464
Oni_3_38758661_38780010	Oru_Chr3_1098389_33792541	91.475	305	12	3	16334	16638	23229707	23229997	1.62e-111	407
Oni_3_38758661_38780010	Oru_Chr3_1098389_33792541	93.258	267	17	1	16285	16551	5707573	5707838	4.53e-107	392
Oni_3_38758661_38780010	Oru_Chr3_1098389_33792541	95.122	246	11	1	16287	16532	23011129	23011373	2.11e-105	387
Oni_3_38758661_38780010	Oru_Chr3_1098389_33792541	85.876	354	37	2	16287	16640	30011616	30011276	9.87e-99	364
Oni_3_38758661_38780010	Oru_Chr3_1098389_33792541	86.402	353	13	4	16287	16639	2459322	2459005	2.14e-95	353
Oni_3_38758661_38780010	Oru_Chr3_1098389_33792541	85.269	353	28	6	16287	16639	23220964	23221292	4.62e-92	342
Oni_3_38758661_38780010	Oru_Chr3_1098389_33792541	84.046	351	22	11	16287	16637	4713512	4713828	1.69e-81	307
Oni_3_38758661_38780010	Oru_Chr3_1098389_33792541	87.324	213	23	4	20328	20537	19130161	19129950	1.74e-61	241
Oni_3_38758661_38780010	Oru_Chr3_1098389_33792541	90.217	184	15	3	20324	20505	8527732	8527550	2.25e-60	237
Oni_3_38758661_38780010	Oru_Chr3_1098389_33792541	88.482	191	19	3	20325	20514	22239713	22239525	1.35e-57	228
Oni_3_38758661_38780010	Oru_Chr3_1098389_33792541	84.490	245	19	4	20325	20555	21021478	21021239	1.75e-56	224
Oni_3_38758661_38780010	Oru_Chr3_1098389_33792541	83.333	258	22	12	20325	20566	29462226	29461974	8.13e-55	219
Oni_3_38758661_38780010	Oru_Chr3_1098389_33792541	82.812	256	26	7	20323	20561	4342429	4342683	3.78e-53	213
Oni_3_38758661_38780010	Oru_Chr3_1098389_33792541	83.673	245	21	4	20325	20555	7216621	7216382	3.78e-53	213
Oni_3_38758661_38780010	Oru_Chr3_1098389_33792541	84.581	227	18	4	20324	20533	12788963	12788737	4.89e-52	209
Oni_3_38758661_38780010	Oru_Chr3_1098389_33792541	82.996	247	20	7	20325	20555	8734885	8734645	2.28e-50	204
Oni_3_38758661_38780010	Oru_Chr3_1098389_33792541	87.293	181	20	3	20340	20518	15762493	15762672	2.28e-50	204
Oni_3_38758661_38780010	Oru_Chr3_1098389_33792541	83.983	231	17	5	20340	20556	31808069	31807845	2.28e-50	204
Oni_3_38758661_38780010	Oru_Chr3_1098389_33792541	83.843	229	20	9	20340	20554	18900344	18900119	8.19e-50	202
Oni_3_38758661_38780010	Oru_Chr3_1098389_33792541	83.772	228	20	7	20324	20536	66897	66672	2.95e-49	200
Oni_3_38758661_38780010	Oru_Chr3_1098389_33792541	83.122	237	22	7	20325	20543	12269040	12268804	2.95e-49	200
Oni_3_38758661_38780010	Oru_Chr3_1098389_33792541	84.951	206	21	2	20340	20535	22521888	22521683	2.95e-49	200
Oni_3_38758661_38780010	Oru_Chr3_1098389_33792541	83.772	228	18	6	20325	20534	4322232	4322006	1.06e-48	198
Oni_3_38758661_38780010	Oru_Chr3_1098389_33792541	82.645	242	25	5	20325	20554	18885935	18886171	1.06e-48	198
Oni_3_38758661_38780010	Oru_Chr3_1098389_33792541	82.449	245	25	6	20325	20554	28181022	28181263	1.06e-48	198
Oni_3_38758661_38780010	Oru_Chr3_1098389_33792541	82.520	246	24	6	20324	20555	29671295	29671055	1.06e-48	198
Oni_3_38758661_38780010	Oru_Chr3_1098389_33792541	84.038	213	22	3	20340	20540	9863168	9862956	1.37e-47	195
Oni_3_38758661_38780010	Oru_Chr3_1098389_33792541	83.186	226	25	4	20340	20552	11005455	11005680	1.37e-47	195
Oni_3_38758661_38780010	Oru_Chr3_1098389_33792541	83.406	229	19	5	20340	20555	17292106	17291884	1.37e-47	195
Oni_3_38758661_38780010	Oru_Chr3_1098389_33792541	84.615	208	19	3	20340	20534	27105045	27105252	1.37e-47	195
Oni_3_38758661_38780010	Oru_Chr3_1098389_33792541	84.541	207	19	5	20340	20533	4515517	4515723	4.93e-47	193
Oni_3_38758661_38780010	Oru_Chr3_1098389_33792541	82.258	248	20	8	20325	20554	4547999	4547758	4.93e-47	193
Oni_3_38758661_38780010	Oru_Chr3_1098389_33792541	83.562	219	23	4	20328	20534	22739765	22739548	4.93e-47	193
Oni_3_38758661_38780010	Oru_Chr3_1098389_33792541	83.186	226	22	6	20340	20554	29486267	29486487	4.93e-47	193
Oni_3_38758661_38780010	Oru_Chr3_1098389_33792541	82.041	245	25	6	20325	20554	18888851	18889091	1.77e-46	191
Oni_3_38758661_38780010	Oru_Chr3_1098389_33792541	83.111	225	23	5	20323	20534	29531702	29531480	1.77e-46	191
Oni_3_38758661_38780010	Oru_Chr3_1098389_33792541	82.743	226	26	2	20325	20537	3428239	3428014	6.38e-46	189
Oni_3_38758661_38780010	Oru_Chr3_1098389_33792541	82.895	228	21	5	20340	20555	8882025	8882246	6.38e-46	189
Oni_3_38758661_38780010	Oru_Chr3_1098389_33792541	82.895	228	22	5	20340	20554	9272044	9271821	6.38e-46	189
Oni_3_38758661_38780010	Oru_Chr3_1098389_33792541	87.952	166	12	5	20393	20555	30066139	30065979	6.38e-46	189
Oni_3_38758661_38780010	Oru_Chr3_1098389_33792541	81.967	244	23	8	20325	20554	1316508	1316272	2.29e-45	187
Oni_3_38758661_38780010	Oru_Chr3_1098389_33792541	83.486	218	19	8	20340	20540	23710257	23710474	2.29e-45	187
Oni_3_38758661_38780010	Oru_Chr3_1098389_33792541	82.684	231	21	7	20340	20555	29090984	29090758	2.29e-45	187
Oni_3_38758661_38780010	Oru_Chr3_1098389_33792541	89.726	146	13	2	20393	20536	8934663	8934518	8.25e-45	185
Oni_3_38758661_38780010	Oru_Chr3_1098389_33792541	86.628	172	18	5	20388	20555	14398199	14398029	8.25e-45	185
Oni_3_38758661_38780010	Oru_Chr3_1098389_33792541	82.511	223	25	6	20325	20534	2360708	2360929	2.97e-44	183
Oni_3_38758661_38780010	Oru_Chr3_1098389_33792541	83.732	209	18	5	20325	20518	15622575	15622368	2.97e-44	183
Oni_3_38758661_38780010	Oru_Chr3_1098389_33792541	89.189	148	12	4	20388	20532	3764992	3764846	1.07e-43	182
Oni_3_38758661_38780010	Oru_Chr3_1098389_33792541	82.379	227	22	6	20340	20554	14653750	14653530	1.07e-43	182
Oni_3_38758661_38780010	Oru_Chr3_1098389_33792541	81.557	244	23	7	20327	20554	30309268	30309031	1.07e-43	182
Oni_3_38758661_38780010	Oru_Chr3_1098389_33792541	81.048	248	27	6	20324	20557	9800423	9800664	3.84e-43	180
Oni_3_38758661_38780010	Oru_Chr3_1098389_33792541	81.224	245	27	4	20325	20554	10077523	10077283	3.84e-43	180
Oni_3_38758661_38780010	Oru_Chr3_1098389_33792541	89.583	144	12	3	20393	20534	12717185	12717043	3.84e-43	180
Oni_3_38758661_38780010	Oru_Chr3_1098389_33792541	82.096	229	24	5	20325	20536	25053256	25053484	3.84e-43	180
Oni_3_38758661_38780010	Oru_Chr3_1098389_33792541	88.591	149	14	3	20388	20534	2343268	2343415	1.38e-42	178
Oni_3_38758661_38780010	Oru_Chr3_1098389_33792541	86.747	166	14	4	20391	20554	32313027	32312868	1.38e-42	178
Oni_3_38758661_38780010	Oru_Chr3_1098389_33792541	84.184	196	15	6	20324	20505	1883167	1882974	4.96e-42	176
Oni_3_38758661_38780010	Oru_Chr3_1098389_33792541	81.858	226	25	5	20325	20534	3810175	3809950	4.96e-42	176
Oni_3_38758661_38780010	Oru_Chr3_1098389_33792541	82.018	228	22	5	20340	20554	18034602	18034823	4.96e-42	176
Oni_3_38758661_38780010	Oru_Chr3_1098389_33792541	81.545	233	25	3	20340	20559	29856622	29856395	4.96e-42	176
Oni_3_38758661_38780010	Oru_Chr3_1098389_33792541	81.739	230	23	6	20340	20554	25519732	25519957	1.79e-41	174
Oni_3_38758661_38780010	Oru_Chr3_1098389_33792541	85.882	170	17	5	20388	20554	26262938	26262773	1.79e-41	174
Oni_3_38758661_38780010	Oru_Chr3_1098389_33792541	81.277	235	24	11	20321	20536	3671242	3671475	6.42e-41	172
Oni_3_38758661_38780010	Oru_Chr3_1098389_33792541	88.276	145	16	1	20393	20536	4544643	4544499	6.42e-41	172
Oni_3_38758661_38780010	Oru_Chr3_1098389_33792541	81.385	231	26	7	20340	20556	18375612	18375385	6.42e-41	172
Oni_3_38758661_38780010	Oru_Chr3_1098389_33792541	81.778	225	23	5	20325	20531	31633751	31633527	6.42e-41	172
Oni_3_38758661_38780010	Oru_Chr3_1098389_33792541	85.294	170	19	5	20388	20554	5207923	5207757	2.31e-40	171
Oni_3_38758661_38780010	Oru_Chr3_1098389_33792541	87.097	155	15	3	20323	20472	12640633	12640787	2.31e-40	171
Oni_3_38758661_38780010	Oru_Chr3_1098389_33792541	80.077	261	27	13	20322	20559	20149144	20149402	2.31e-40	171
Oni_3_38758661_38780010	Oru_Chr3_1098389_33792541	82.524	206	24	2	20341	20534	28221632	28221427	2.31e-40	171
Oni_3_38758661_38780010	Oru_Chr3_1098389_33792541	88.112	143	15	2	20393	20534	815474	815615	8.31e-40	169
Oni_3_38758661_38780010	Oru_Chr3_1098389_33792541	87.013	154	14	5	20388	20536	1520725	1520877	8.31e-40	169
Oni_3_38758661_38780010	Oru_Chr3_1098389_33792541	87.838	148	13	5	20393	20536	23403030	23402884	8.31e-40	169
Oni_3_38758661_38780010	Oru_Chr3_1098389_33792541	82.524	206	23	6	20340	20533	28582795	28582591	8.31e-40	169
Oni_3_38758661_38780010	Oru_Chr3_1098389_33792541	84.971	173	18	5	20368	20534	30919069	30918899	8.31e-40	169
Oni_3_38758661_38780010	Oru_Chr3_1098389_33792541	84.916	179	14	2	20340	20505	31594128	31594306	8.31e-40	169
Oni_3_38758661_38780010	Oru_Chr3_1098389_33792541	85.455	165	18	3	20393	20555	21835547	21835707	2.99e-39	167
Oni_3_38758661_38780010	Oru_Chr3_1098389_33792541	83.246	191	20	2	20340	20518	6723024	6722834	1.07e-38	165
Oni_3_38758661_38780010	Oru_Chr3_1098389_33792541	80.804	224	31	5	20323	20534	12330515	12330292	1.07e-38	165
Oni_3_38758661_38780010	Oru_Chr3_1098389_33792541	83.069	189	25	5	20325	20507	28695761	28695574	1.07e-38	165
Oni_3_38758661_38780010	Oru_Chr3_1098389_33792541	87.075	147	15	4	20393	20536	25609113	25609258	3.86e-38	163
Oni_3_38758661_38780010	Oru_Chr3_1098389_33792541	86.755	151	15	4	20388	20534	32423803	32423654	3.86e-38	163
Oni_3_38758661_38780010	Oru_Chr3_1098389_33792541	77.287	317	45	11	19896	20200	14965374	14965675	1.39e-37	161
Oni_3_38758661_38780010	Oru_Chr3_1098389_33792541	86.620	142	19	0	20393	20534	9847479	9847338	1.80e-36	158
Oni_3_38758661_38780010	Oru_Chr3_1098389_33792541	79.574	235	32	5	20340	20558	5289354	5289120	2.33e-35	154
Oni_3_38758661_38780010	Oru_Chr3_1098389_33792541	89.516	124	10	3	9217	9339	9438688	9438567	2.33e-35	154
Oni_3_38758661_38780010	Oru_Chr3_1098389_33792541	93.333	105	6	1	9223	9326	9822353	9822249	2.33e-35	154
Oni_3_38758661_38780010	Oru_Chr3_1098389_33792541	83.735	166	23	4	20327	20488	31630700	31630865	2.33e-35	154
Oni_3_38758661_38780010	Oru_Chr3_1098389_33792541	91.071	112	9	1	9217	9327	5229851	5229740	3.01e-34	150
Oni_3_38758661_38780010	Oru_Chr3_1098389_33792541	87.313	134	14	3	20388	20518	6893280	6893147	3.01e-34	150
Oni_3_38758661_38780010	Oru_Chr3_1098389_33792541	88.800	125	11	1	19949	20070	8885906	8885782	3.01e-34	150
Oni_3_38758661_38780010	Oru_Chr3_1098389_33792541	84.024	169	13	3	20340	20494	25911719	25911551	3.01e-34	150
Oni_3_38758661_38780010	Oru_Chr3_1098389_33792541	90.351	114	9	2	20393	20505	28822454	28822342	1.08e-33	148
Oni_3_38758661_38780010	Oru_Chr3_1098389_33792541	82.738	168	25	3	20388	20554	193326	193490	3.89e-33	147
Oni_3_38758661_38780010	Oru_Chr3_1098389_33792541	88.983	118	12	1	9232	9348	21005169	21005052	1.40e-32	145
Oni_3_38758661_38780010	Oru_Chr3_1098389_33792541	87.805	123	13	2	9218	9339	25611532	25611411	5.03e-32	143
Oni_3_38758661_38780010	Oru_Chr3_1098389_33792541	89.908	109	10	1	9232	9339	7986623	7986515	6.51e-31	139
Oni_3_38758661_38780010	Oru_Chr3_1098389_33792541	88.696	115	11	2	20403	20516	26907905	26908018	6.51e-31	139
Oni_3_38758661_38780010	Oru_Chr3_1098389_33792541	89.815	108	11	0	9232	9339	27604252	27604145	6.51e-31	139
Oni_3_38758661_38780010	Oru_Chr3_1098389_33792541	89.908	109	10	1	9232	9339	29418204	29418312	6.51e-31	139
Oni_3_38758661_38780010	Oru_Chr3_1098389_33792541	83.784	148	21	3	20415	20560	32076427	32076281	2.34e-30	137
Oni_3_38758661_38780010	Oru_Chr3_1098389_33792541	86.777	121	15	1	9220	9339	3531666	3531546	3.03e-29	134
Oni_3_38758661_38780010	Oru_Chr3_1098389_33792541	89.623	106	10	1	9223	9327	24125927	24125822	3.03e-29	134
Oni_3_38758661_38780010	Oru_Chr3_1098389_33792541	86.885	122	13	3	9219	9339	25149355	25149236	3.03e-29	134
Oni_3_38758661_38780010	Oru_Chr3_1098389_33792541	91.753	97	7	1	9219	9314	29429715	29429811	3.03e-29	134
Oni_3_38758661_38780010	Oru_Chr3_1098389_33792541	86.290	124	16	1	9217	9339	31254921	31254798	3.03e-29	134
Oni_3_38758661_38780010	Oru_Chr3_1098389_33792541	95.181	83	3	1	20393	20474	8477918	8478000	3.92e-28	130
Oni_3_38758661_38780010	Oru_Chr3_1098389_33792541	87.069	116	13	2	20420	20533	29630928	29630813	3.92e-28	130
Oni_3_38758661_38780010	Oru_Chr3_1098389_33792541	95.122	82	4	0	20393	20474	31119274	31119193	3.92e-28	130
Oni_3_38758661_38780010	Oru_Chr3_1098389_33792541	88.073	109	12	1	9232	9339	820256	820148	1.41e-27	128
Oni_3_38758661_38780010	Oru_Chr3_1098389_33792541	82.099	162	15	6	20362	20510	10374854	10375014	5.07e-27	126
Oni_3_38758661_38780010	Oru_Chr3_1098389_33792541	81.935	155	23	5	20357	20507	13063095	13062942	5.07e-27	126
Oni_3_38758661_38780010	Oru_Chr3_1098389_33792541	91.398	93	7	1	9234	9325	13356401	13356493	5.07e-27	126
Oni_3_38758661_38780010	Oru_Chr3_1098389_33792541	95.062	81	3	1	9248	9327	27445365	27445445	5.07e-27	126
Oni_3_38758661_38780010	Oru_Chr3_1098389_33792541	79.688	192	25	7	20362	20542	28630676	28630488	5.07e-27	126
Oni_3_38758661_38780010	Oru_Chr3_1098389_33792541	82.099	162	16	9	20362	20510	30273793	30273632	5.07e-27	126
Oni_3_38758661_38780010	Oru_Chr3_1098389_33792541	82.468	154	15	4	20362	20504	5138274	5138122	1.82e-26	124
Oni_3_38758661_38780010	Oru_Chr3_1098389_33792541	89.109	101	9	2	9218	9317	24067619	24067520	1.82e-26	124
Oni_3_38758661_38780010	Oru_Chr3_1098389_33792541	78.571	210	25	6	20325	20515	8418674	8418466	2.36e-25	121
Oni_3_38758661_38780010	Oru_Chr3_1098389_33792541	77.186	263	25	7	20324	20555	18294680	18294938	2.36e-25	121
Oni_3_38758661_38780010	Oru_Chr3_1098389_33792541	81.212	165	17	7	20362	20513	19868077	19867914	2.36e-25	121
Oni_3_38758661_38780010	Oru_Chr3_1098389_33792541	87.037	108	11	2	9223	9327	23949661	23949768	8.48e-25	119
Oni_3_38758661_38780010	Oru_Chr3_1098389_33792541	84.426	122	15	4	9218	9338	30575018	30575136	3.05e-24	117
Oni_3_38758661_38780010	Oru_Chr3_1098389_33792541	80.982	163	17	6	20362	20510	32226471	32226633	3.05e-24	117
Oni_3_38758661_38780010	Oru_Chr3_1098389_33792541	81.013	158	18	4	20362	20507	3535951	3536108	1.10e-23	115
Oni_3_38758661_38780010	Oru_Chr3_1098389_33792541	91.667	84	6	1	9233	9315	14958157	14958074	1.10e-23	115
Oni_3_38758661_38780010	Oru_Chr3_1098389_33792541	78.919	185	25	10	19949	20132	3137000	3137171	3.95e-23	113
Oni_3_38758661_38780010	Oru_Chr3_1098389_33792541	84.956	113	14	3	9217	9327	12400430	12400541	1.42e-22	111
Oni_3_38758661_38780010	Oru_Chr3_1098389_33792541	86.869	99	12	1	9219	9316	1935068	1934970	5.11e-22	110
Oni_3_38758661_38780010	Oru_Chr3_1098389_33792541	79.747	158	19	6	20363	20507	26234880	26235037	8.54e-20	102
Oni_3_38758661_38780010	Oru_Chr3_1098389_33792541	83.486	109	17	1	9232	9339	12301580	12301688	3.07e-19	100
Oni_3_38758661_38780010	Oru_Chr3_1098389_33792541	79.141	163	20	6	20355	20505	15991021	15990861	3.07e-19	100
Oni_3_38758661_38780010	Oru_Chr3_1098389_33792541	81.197	117	20	2	20393	20507	17739833	17739717	5.14e-17	93.5
Oni_3_38758661_38780010	Oru_Chr3_1098389_33792541	78.846	156	20	6	20362	20505	24172792	24172946	5.14e-17	93.5
Oni_3_38758661_38780010	Oru_Chr3_1098389_33792541	79.085	153	17	6	20362	20502	10848007	10848156	1.85e-16	91.6
Oni_3_38758661_38780010	Oru_Chr3_1098389_33792541	80.741	135	11	7	20361	20483	15918383	15918514	1.85e-16	91.6
Oni_3_38758661_38780010	Oru_Chr3_1098389_33792541	78.344	157	21	6	20365	20508	13008442	13008286	6.65e-16	89.8
Oni_3_38758661_38780010	Oru_Chr3_1098389_33792541	86.905	84	5	2	9250	9327	25030647	25030564	6.65e-16	89.8
Oni_3_38758661_38780010	Oru_Chr3_1098389_33792541	96.226	53	0	1	16586	16638	5707843	5707893	8.61e-15	86.1
Oni_3_38758661_38780010	Oru_Chr3_1098389_33792541	100.000	31	0	0	16607	16637	30964341	30964371	1.88e-06	58.4
