Oni_3_38758661_38807186	Oba_3_34542374_34599425	99.205	15606	70	18	1	15562	1	15596	0.0	28083
Oni_3_38758661_38807186	Oba_3_34542374_34599425	97.939	14412	159	36	20362	34668	26407	40785	0.0	24842
Oni_3_38758661_38807186	Oba_3_34542374_34599425	98.678	3631	25	6	16667	20284	22785	26405	0.0	6418
Oni_3_38758661_38807186	Oba_3_34542374_34599425	90.421	3915	321	32	36937	40834	43770	47647	0.0	5103
Oni_3_38758661_38807186	Oba_3_34542374_34599425	85.041	3523	363	86	42981	46425	51102	54538	0.0	3435
Oni_3_38758661_38807186	Oba_3_34542374_34599425	99.587	727	3	0	15555	16281	22049	22775	0.0	1327
Oni_3_38758661_38807186	Oba_3_34542374_34599425	98.036	611	12	0	47916	48526	56442	57052	0.0	1062
Oni_3_38758661_38807186	Oba_3_34542374_34599425	88.844	735	59	8	47004	47736	55344	56057	0.0	881
Oni_3_38758661_38807186	Oba_3_34542374_34599425	92.115	520	41	0	46422	46941	54798	55317	0.0	734
Oni_3_38758661_38807186	Oba_3_34542374_34599425	80.412	194	22	11	34664	34846	40815	41003	1.20e-31	134
