Oni_1_2660243_2702749	Oba_1_2429713_2598239	98.511	5371	55	4	5155	10524	5202	10548	0.0	9452
Oni_1_2660243_2702749	Oba_1_2429713_2598239	97.566	5217	102	17	1	5200	1	5209	0.0	8907
Oni_1_2660243_2702749	Oba_1_2429713_2598239	97.571	5147	60	16	37413	42507	20013	25146	0.0	8752
Oni_1_2660243_2702749	Oba_1_2429713_2598239	98.712	4270	28	7	10691	14935	10550	14817	0.0	7555
Oni_1_2660243_2702749	Oba_1_2429713_2598239	98.856	3934	13	5	33249	37182	16124	20025	0.0	6986
Oni_1_2660243_2702749	Oba_1_2429713_2598239	91.345	3316	240	15	27180	30464	10550	13849	0.0	4490
Oni_1_2660243_2702749	Oba_1_2429713_2598239	99.212	1650	10	3	31304	32952	14440	16087	0.0	2972
Oni_1_2660243_2702749	Oba_1_2429713_2598239	82.986	2833	425	40	34382	37182	146698	143891	0.0	2508
Oni_1_2660243_2702749	Oba_1_2429713_2598239	79.693	3196	579	52	33844	37015	166017	162868	0.0	2242
Oni_1_2660243_2702749	Oba_1_2429713_2598239	80.052	2707	487	43	34379	37062	153826	151150	0.0	1958
Oni_1_2660243_2702749	Oba_1_2429713_2598239	93.813	1099	33	12	19369	20458	15375	16447	0.0	1620
Oni_1_2660243_2702749	Oba_1_2429713_2598239	90.909	858	38	16	8740	9576	22359	23197	0.0	1116
Oni_1_2660243_2702749	Oba_1_2429713_2598239	94.142	734	27	13	38385	39108	5394	6121	0.0	1103
Oni_1_2660243_2702749	Oba_1_2429713_2598239	93.324	734	32	14	5347	6074	20982	21704	0.0	1068
Oni_1_2660243_2702749	Oba_1_2429713_2598239	88.235	901	72	21	31420	32311	149903	149028	0.0	1046
Oni_1_2660243_2702749	Oba_1_2429713_2598239	89.243	846	50	20	39761	40575	8765	9600	0.0	1020
Oni_1_2660243_2702749	Oba_1_2429713_2598239	95.596	545	18	3	18834	19378	14811	15349	0.0	869
Oni_1_2660243_2702749	Oba_1_2429713_2598239	89.796	686	40	10	39107	39774	6356	7029	0.0	852
Oni_1_2660243_2702749	Oba_1_2429713_2598239	92.784	582	31	5	31700	32281	156246	155676	0.0	832
Oni_1_2660243_2702749	Oba_1_2429713_2598239	86.807	758	75	19	31542	32290	168527	167786	0.0	822
Oni_1_2660243_2702749	Oba_1_2429713_2598239	94.559	533	22	4	18864	19395	156246	155720	0.0	817
Oni_1_2660243_2702749	Oba_1_2429713_2598239	93.889	540	24	2	18834	19373	149655	149125	0.0	806
Oni_1_2660243_2702749	Oba_1_2429713_2598239	89.214	649	46	17	31558	32191	138530	137891	0.0	789
Oni_1_2660243_2702749	Oba_1_2429713_2598239	94.369	515	25	3	18850	19363	168379	167868	0.0	787
Oni_1_2660243_2702749	Oba_1_2429713_2598239	87.411	699	56	18	6309	7004	21703	22372	0.0	774
Oni_1_2660243_2702749	Oba_1_2429713_2598239	94.212	501	22	6	18861	19355	138390	137891	0.0	758
Oni_1_2660243_2702749	Oba_1_2429713_2598239	86.467	569	38	21	30731	31283	13902	14447	5.53e-168	588
Oni_1_2660243_2702749	Oba_1_2429713_2598239	82.876	619	90	11	33684	34295	147361	146752	4.36e-154	542
Oni_1_2660243_2702749	Oba_1_2429713_2598239	88.421	285	20	6	26464	26747	10047	10319	1.03e-90	331
Oni_1_2660243_2702749	Oba_1_2429713_2598239	98.851	174	2	0	33075	33248	15999	16172	1.34e-84	311
Oni_1_2660243_2702749	Oba_1_2429713_2598239	85.385	260	32	4	14679	14935	149905	149649	1.06e-70	265
Oni_1_2660243_2702749	Oba_1_2429713_2598239	99.206	126	1	0	32949	33074	15939	16064	1.39e-59	228
Oni_1_2660243_2702749	Oba_1_2429713_2598239	82.258	248	23	11	1	238	20555	20791	1.41e-49	195
Oni_1_2660243_2702749	Oba_1_2429713_2598239	92.632	95	6	1	3403	3496	20893	20987	8.65e-32	135
Oni_1_2660243_2702749	Oba_1_2429713_2598239	96.970	66	2	0	26948	27013	10483	10548	1.46e-24	111
Oni_1_2660243_2702749	Oba_1_2429713_2598239	90.541	74	7	0	717	790	20785	20858	1.14e-20	99.0
Oni_1_2660243_2702749	Oba_1_2429713_2598239	91.667	60	4	1	8963	9022	22511	22569	1.14e-15	82.4
Oni_1_2660243_2702749	Oba_1_2429713_2598239	100.000	42	0	0	8669	8710	8653	8694	1.48e-14	78.7
