Oni_11_31143951_31458066	Oba_11_26334582_26487986	96.509	7391	168	24	36056	43391	51030	58385	0.0	12137
Oni_11_31143951_31458066	Oba_11_26334582_26487986	97.581	5869	99	13	300642	306486	139816	145665	0.0	10011
Oni_11_31143951_31458066	Oba_11_26334582_26487986	97.198	5603	114	12	306521	312106	145665	151241	0.0	9437
Oni_11_31143951_31458066	Oba_11_26334582_26487986	95.611	4830	149	20	4047	8846	4055	8851	0.0	7686
Oni_11_31143951_31458066	Oba_11_26334582_26487986	88.957	4890	513	21	135924	140793	40429	45311	0.0	6013
Oni_11_31143951_31458066	Oba_11_26334582_26487986	93.178	4046	225	22	23	4048	1	4015	0.0	5895
Oni_11_31143951_31458066	Oba_11_26334582_26487986	89.507	4641	483	2	83932	88572	45238	40602	0.0	5869
Oni_11_31143951_31458066	Oba_11_26334582_26487986	95.724	2666	97	10	27936	30596	27205	29858	0.0	4276
Oni_11_31143951_31458066	Oba_11_26334582_26487986	92.994	2612	113	28	49117	51690	112342	114921	0.0	3746
Oni_11_31143951_31458066	Oba_11_26334582_26487986	97.923	2022	35	4	312098	314116	151388	153405	0.0	3494
Oni_11_31143951_31458066	Oba_11_26334582_26487986	88.868	2641	164	61	67757	70325	120910	123492	0.0	3129
Oni_11_31143951_31458066	Oba_11_26334582_26487986	91.655	2169	82	40	45699	47791	60758	62903	0.0	2911
Oni_11_31143951_31458066	Oba_11_26334582_26487986	94.961	1806	67	11	23016	24820	24049	25831	0.0	2809
Oni_11_31143951_31458066	Oba_11_26334582_26487986	91.073	1882	163	5	296195	298074	135928	137806	0.0	2540
Oni_11_31143951_31458066	Oba_11_26334582_26487986	85.987	2255	296	5	5659	7909	102766	105004	0.0	2396
Oni_11_31143951_31458066	Oba_11_26334582_26487986	87.135	2122	154	45	43572	45634	58696	60757	0.0	2296
Oni_11_31143951_31458066	Oba_11_26334582_26487986	84.788	2051	282	25	5691	7725	71742	73778	0.0	2032
Oni_11_31143951_31458066	Oba_11_26334582_26487986	93.222	1372	66	12	49157	50514	64541	65899	0.0	1993
Oni_11_31143951_31458066	Oba_11_26334582_26487986	91.701	1458	84	15	20202	21625	20242	21696	0.0	1988
Oni_11_31143951_31458066	Oba_11_26334582_26487986	85.543	1750	242	8	1	1746	97406	99148	0.0	1820
Oni_11_31143951_31458066	Oba_11_26334582_26487986	93.666	1184	35	15	21837	23019	21691	22835	0.0	1735
Oni_11_31143951_31458066	Oba_11_26334582_26487986	92.427	1096	72	4	8875	9962	8899	9991	0.0	1554
Oni_11_31143951_31458066	Oba_11_26334582_26487986	92.381	945	48	6	33645	34566	30534	31477	0.0	1325
Oni_11_31143951_31458066	Oba_11_26334582_26487986	86.513	1216	150	9	5687	6897	55445	56651	0.0	1325
Oni_11_31143951_31458066	Oba_11_26334582_26487986	86.307	1205	147	10	40461	41655	5710	6906	0.0	1295
Oni_11_31143951_31458066	Oba_11_26334582_26487986	90.462	975	91	2	82898	83870	46225	45251	0.0	1284
Oni_11_31143951_31458066	Oba_11_26334582_26487986	90.194	979	92	3	140788	141764	45249	46225	0.0	1273
Oni_11_31143951_31458066	Oba_11_26334582_26487986	86.000	1200	155	9	40461	41652	102810	104004	0.0	1273
Oni_11_31143951_31458066	Oba_11_26334582_26487986	88.933	1012	97	12	237732	238735	46222	47226	0.0	1234
Oni_11_31143951_31458066	Oba_11_26334582_26487986	78.779	1753	347	21	1	1745	82465	84200	0.0	1153
Oni_11_31143951_31458066	Oba_11_26334582_26487986	90.470	829	67	11	237489	238312	37274	38095	0.0	1083
Oni_11_31143951_31458066	Oba_11_26334582_26487986	83.067	1187	173	20	40479	41647	71771	72947	0.0	1053
Oni_11_31143951_31458066	Oba_11_26334582_26487986	88.092	865	100	3	41679	42541	72940	73803	0.0	1024
Oni_11_31143951_31458066	Oba_11_26334582_26487986	89.609	818	44	22	50895	51690	66679	67477	0.0	1002
Oni_11_31143951_31458066	Oba_11_26334582_26487986	80.114	1408	218	48	133839	135207	38435	39819	0.0	992
Oni_11_31143951_31458066	Oba_11_26334582_26487986	80.114	1398	218	48	143883	145244	38435	39808	0.0	987
Oni_11_31143951_31458066	Oba_11_26334582_26487986	79.394	1451	233	50	79366	80777	39858	38435	0.0	963
Oni_11_31143951_31458066	Oba_11_26334582_26487986	79.547	1413	228	45	133839	135214	47439	48827	0.0	952
Oni_11_31143951_31458066	Oba_11_26334582_26487986	79.279	1414	232	47	143883	145260	47439	48827	0.0	931
Oni_11_31143951_31458066	Oba_11_26334582_26487986	79.164	1435	227	54	238953	240344	38435	39840	0.0	928
Oni_11_31143951_31458066	Oba_11_26334582_26487986	82.450	1094	134	36	294420	295510	134258	135296	0.0	904
Oni_11_31143951_31458066	Oba_11_26334582_26487986	78.552	1450	244	46	79366	80777	48859	47439	0.0	893
Oni_11_31143951_31458066	Oba_11_26334582_26487986	92.834	628	24	11	47174	47793	110570	111184	0.0	891
Oni_11_31143951_31458066	Oba_11_26334582_26487986	78.512	1438	228	60	238953	240344	47439	48841	0.0	869
Oni_11_31143951_31458066	Oba_11_26334582_26487986	90.251	677	48	6	47801	48459	111243	111919	0.0	869
Oni_11_31143951_31458066	Oba_11_26334582_26487986	89.318	674	64	8	142996	143665	46557	47226	0.0	839
Oni_11_31143951_31458066	Oba_11_26334582_26487986	89.169	674	65	8	132952	133621	46557	47226	0.0	833
Oni_11_31143951_31458066	Oba_11_26334582_26487986	84.597	818	120	6	6885	7699	56678	57492	0.0	808
Oni_11_31143951_31458066	Oba_11_26334582_26487986	78.566	1283	213	27	288505	289754	126888	128141	0.0	789
Oni_11_31143951_31458066	Oba_11_26334582_26487986	89.822	619	52	10	81683	82297	37886	37275	0.0	784
Oni_11_31143951_31458066	Oba_11_26334582_26487986	87.834	674	74	8	80995	81664	47226	46557	0.0	784
Oni_11_31143951_31458066	Oba_11_26334582_26487986	87.834	674	73	8	93073	93741	47226	46557	0.0	782
Oni_11_31143951_31458066	Oba_11_26334582_26487986	93.458	535	22	10	66398	66929	119180	119704	0.0	782
Oni_11_31143951_31458066	Oba_11_26334582_26487986	89.274	634	49	9	47802	48416	62969	63602	0.0	776
Oni_11_31143951_31458066	Oba_11_26334582_26487986	89.482	618	57	8	132318	132933	37275	37886	0.0	774
Oni_11_31143951_31458066	Oba_11_26334582_26487986	89.482	618	54	9	142365	142977	37275	37886	0.0	771
Oni_11_31143951_31458066	Oba_11_26334582_26487986	88.730	630	59	12	93788	94412	37886	37264	0.0	760
Oni_11_31143951_31458066	Oba_11_26334582_26487986	78.658	1237	195	34	280687	281887	126953	128156	0.0	758
Oni_11_31143951_31458066	Oba_11_26334582_26487986	83.623	806	120	5	41682	42485	6893	7688	0.0	747
Oni_11_31143951_31458066	Oba_11_26334582_26487986	82.966	816	120	9	41679	42491	103992	104791	0.0	719
Oni_11_31143951_31458066	Oba_11_26334582_26487986	93.443	488	17	12	61197	61671	115809	116294	0.0	710
Oni_11_31143951_31458066	Oba_11_26334582_26487986	88.052	611	31	19	51714	52302	67750	68340	0.0	686
Oni_11_31143951_31458066	Oba_11_26334582_26487986	89.837	551	28	11	25797	26340	25836	26365	0.0	682
Oni_11_31143951_31458066	Oba_11_26334582_26487986	87.748	604	32	23	66931	67527	120079	120647	0.0	667
Oni_11_31143951_31458066	Oba_11_26334582_26487986	88.049	569	37	12	64624	65188	116731	117272	0.0	645
Oni_11_31143951_31458066	Oba_11_26334582_26487986	99.696	329	1	0	32681	33009	29858	30186	1.33e-171	603
Oni_11_31143951_31458066	Oba_11_26334582_26487986	77.888	1004	194	19	287680	288678	126012	126992	1.72e-170	599
Oni_11_31143951_31458066	Oba_11_26334582_26487986	94.615	390	13	4	26574	26956	26363	26751	6.18e-170	597
Oni_11_31143951_31458066	Oba_11_26334582_26487986	79.634	874	139	29	4629	5478	101622	102480	2.87e-168	592
Oni_11_31143951_31458066	Oba_11_26334582_26487986	96.232	345	10	2	27357	27698	26862	27206	2.25e-159	562
Oni_11_31143951_31458066	Oba_11_26334582_26487986	89.427	454	29	8	9958	10411	19808	20242	3.77e-157	555
Oni_11_31143951_31458066	Oba_11_26334582_26487986	94.318	352	18	2	33084	33433	30180	30531	3.80e-152	538
Oni_11_31143951_31458066	Oba_11_26334582_26487986	82.236	653	77	18	75468	76093	112400	113040	8.22e-149	527
Oni_11_31143951_31458066	Oba_11_26334582_26487986	82.847	583	82	14	75468	76039	64555	65130	1.07e-142	507
Oni_11_31143951_31458066	Oba_11_26334582_26487986	88.778	401	32	4	65982	66369	118608	119008	2.33e-134	479
Oni_11_31143951_31458066	Oba_11_26334582_26487986	88.586	403	31	6	61666	62057	116333	116731	3.02e-133	475
Oni_11_31143951_31458066	Oba_11_26334582_26487986	86.560	439	43	8	92422	92855	38862	38435	1.41e-131	470
Oni_11_31143951_31458066	Oba_11_26334582_26487986	86.105	439	45	8	92422	92855	47866	47439	3.04e-128	459
Oni_11_31143951_31458066	Oba_11_26334582_26487986	88.441	372	34	8	132560	132928	46222	46587	1.10e-122	440
Oni_11_31143951_31458066	Oba_11_26334582_26487986	95.018	281	11	2	65681	65959	118283	118562	3.96e-122	438
Oni_11_31143951_31458066	Oba_11_26334582_26487986	80.032	616	81	28	109305	109890	113121	113724	5.16e-116	418
Oni_11_31143951_31458066	Oba_11_26334582_26487986	80.157	635	50	30	45833	46439	109056	109642	4.02e-112	405
Oni_11_31143951_31458066	Oba_11_26334582_26487986	91.071	280	22	3	48594	48871	111974	112252	3.15e-103	375
Oni_11_31143951_31458066	Oba_11_26334582_26487986	82.232	439	73	5	38868	39302	4646	5083	1.13e-102	374
Oni_11_31143951_31458066	Oba_11_26334582_26487986	89.273	289	21	7	52920	53203	115355	115638	1.48e-96	353
Oni_11_31143951_31458066	Oba_11_26334582_26487986	85.843	332	44	1	42573	42904	73805	74133	1.91e-95	350
Oni_11_31143951_31458066	Oba_11_26334582_26487986	86.405	331	30	5	65333	65654	117282	117606	6.87e-95	348
Oni_11_31143951_31458066	Oba_11_26334582_26487986	91.566	249	17	4	132952	133199	37851	38096	1.15e-92	340
Oni_11_31143951_31458066	Oba_11_26334582_26487986	91.566	249	17	4	142996	143243	37851	38096	1.15e-92	340
Oni_11_31143951_31458066	Oba_11_26334582_26487986	86.186	333	21	10	50579	50895	66091	66414	1.49e-91	337
Oni_11_31143951_31458066	Oba_11_26334582_26487986	96.078	204	5	3	43390	43592	58423	58624	2.49e-89	329
Oni_11_31143951_31458066	Oba_11_26334582_26487986	92.105	228	14	4	27695	27919	90136	90362	5.39e-86	318
Oni_11_31143951_31458066	Oba_11_26334582_26487986	82.493	377	48	10	109300	109664	65263	65633	6.97e-85	315
Oni_11_31143951_31458066	Oba_11_26334582_26487986	90.717	237	17	4	27098	27329	90141	90377	9.01e-84	311
Oni_11_31143951_31458066	Oba_11_26334582_26487986	89.157	249	23	4	81417	81664	38096	37851	1.17e-82	307
Oni_11_31143951_31458066	Oba_11_26334582_26487986	88.353	249	25	4	93494	93741	38096	37851	2.52e-79	296
Oni_11_31143951_31458066	Oba_11_26334582_26487986	86.505	289	15	7	70565	70837	123497	123777	2.52e-79	296
Oni_11_31143951_31458066	Oba_11_26334582_26487986	91.469	211	11	3	46434	46637	109963	110173	1.96e-75	283
Oni_11_31143951_31458066	Oba_11_26334582_26487986	77.539	512	73	19	4971	5458	71123	71616	1.53e-71	270
Oni_11_31143951_31458066	Oba_11_26334582_26487986	78.348	448	75	11	42693	43129	74721	75157	1.53e-71	270
Oni_11_31143951_31458066	Oba_11_26334582_26487986	86.722	241	32	0	70327	70567	52343	52583	5.50e-71	268
Oni_11_31143951_31458066	Oba_11_26334582_26487986	94.828	174	6	2	45645	45818	108728	108898	5.50e-71	268
Oni_11_31143951_31458066	Oba_11_26334582_26487986	82.918	281	34	14	145966	146237	40421	40696	1.20e-62	241
Oni_11_31143951_31458066	Oba_11_26334582_26487986	91.124	169	11	2	51714	51882	115193	115357	3.36e-58	226
Oni_11_31143951_31458066	Oba_11_26334582_26487986	82.576	264	34	11	78411	78665	40697	40437	4.34e-57	222
Oni_11_31143951_31458066	Oba_11_26334582_26487986	79.456	331	42	23	240982	241300	40380	40696	9.40e-54	211
Oni_11_31143951_31458066	Oba_11_26334582_26487986	89.759	166	9	4	45250	45411	108568	108729	4.38e-52	206
Oni_11_31143951_31458066	Oba_11_26334582_26487986	78.443	334	57	7	39358	39685	102156	102480	1.57e-51	204
Oni_11_31143951_31458066	Oba_11_26334582_26487986	79.239	289	60	0	32681	32969	98871	99159	5.66e-51	202
Oni_11_31143951_31458066	Oba_11_26334582_26487986	91.473	129	9	2	133494	133621	38094	38221	3.43e-43	176
Oni_11_31143951_31458066	Oba_11_26334582_26487986	91.473	129	9	2	143538	143665	38094	38221	3.43e-43	176
Oni_11_31143951_31458066	Oba_11_26334582_26487986	89.147	129	12	2	93073	93200	38221	38094	3.45e-38	159
Oni_11_31143951_31458066	Oba_11_26334582_26487986	89.147	129	12	2	80995	81122	38221	38094	3.45e-38	159
Oni_11_31143951_31458066	Oba_11_26334582_26487986	76.678	283	58	4	148656	148937	134499	134774	2.08e-35	150
Oni_11_31143951_31458066	Oba_11_26334582_26487986	85.616	146	16	4	217394	217536	38069	37926	7.48e-35	148
Oni_11_31143951_31458066	Oba_11_26334582_26487986	80.905	199	28	6	109696	109893	65698	65887	7.48e-35	148
Oni_11_31143951_31458066	Oba_11_26334582_26487986	89.565	115	6	1	35732	35840	31766	31880	1.25e-32	141
Oni_11_31143951_31458066	Oba_11_26334582_26487986	81.461	178	28	4	46711	46885	116626	116801	1.25e-32	141
Oni_11_31143951_31458066	Oba_11_26334582_26487986	92.391	92	6	1	217394	217484	46775	46684	2.71e-29	130
Oni_11_31143951_31458066	Oba_11_26334582_26487986	86.777	121	6	4	47005	47125	110360	110470	3.50e-28	126
Oni_11_31143951_31458066	Oba_11_26334582_26487986	98.571	70	1	0	299018	299087	139742	139811	1.26e-27	124
Oni_11_31143951_31458066	Oba_11_26334582_26487986	94.667	75	4	0	237037	237111	10066	9992	2.11e-25	117
Oni_11_31143951_31458066	Oba_11_26334582_26487986	85.000	80	4	5	8273	8352	58517	58588	1.29e-12	75.0
Oni_11_31143951_31458066	Oba_11_26334582_26487986	100.000	35	0	0	53203	53237	115655	115689	7.75e-10	65.8
Oni_11_31143951_31458066	Oba_11_26334582_26487986	94.595	37	2	0	26074	26110	26162	26126	1.30e-07	58.4
