Opu_1_2220767_2387722	Oau_Chr1_2722437_2763492	90.538	3551	249	41	10205	13722	32857	36353	0.0	4615
Opu_1_2220767_2387722	Oau_Chr1_2722437_2763492	81.803	2429	374	39	149151	151553	35552	33166	0.0	1975
Opu_1_2220767_2387722	Oau_Chr1_2722437_2763492	92.767	1341	82	2	5497	6837	27114	28439	0.0	1925
Opu_1_2220767_2387722	Oau_Chr1_2722437_2763492	83.698	1325	119	56	14435	15733	36894	38147	0.0	1160
Opu_1_2220767_2387722	Oau_Chr1_2722437_2763492	87.525	986	73	25	8545	9523	31317	32259	0.0	1094
Opu_1_2220767_2387722	Oau_Chr1_2722437_2763492	89.249	772	58	18	158018	158780	32099	31344	0.0	942
Opu_1_2220767_2387722	Oau_Chr1_2722437_2763492	81.444	997	152	20	155725	156708	34077	33101	0.0	785
Opu_1_2220767_2387722	Oau_Chr1_2722437_2763492	90.603	564	42	5	166366	166922	32079	31520	0.0	737
Opu_1_2220767_2387722	Oau_Chr1_2722437_2763492	85.816	705	83	10	4810	5509	25275	25967	0.0	732
Opu_1_2220767_2387722	Oau_Chr1_2722437_2763492	87.931	638	56	14	134289	134919	31986	31363	0.0	732
Opu_1_2220767_2387722	Oau_Chr1_2722437_2763492	88.325	591	46	15	9561	10134	32263	32847	0.0	688
Opu_1_2220767_2387722	Oau_Chr1_2722437_2763492	85.323	620	58	14	7398	7995	29323	29931	1.13e-174	610
Opu_1_2220767_2387722	Oau_Chr1_2722437_2763492	80.673	802	74	39	17800	18571	40306	41056	8.97e-156	547
Opu_1_2220767_2387722	Oau_Chr1_2722437_2763492	89.000	400	27	2	6846	7228	28656	29055	3.32e-135	479
Opu_1_2220767_2387722	Oau_Chr1_2722437_2763492	91.166	283	24	1	4040	4321	23396	23678	2.68e-106	383
Opu_1_2220767_2387722	Oau_Chr1_2722437_2763492	74.510	1020	163	77	123268	124237	17933	18905	2.10e-97	353
Opu_1_2220767_2387722	Oau_Chr1_2722437_2763492	82.000	450	47	25	16317	16748	38631	39064	7.55e-97	351
Opu_1_2220767_2387722	Oau_Chr1_2722437_2763492	79.612	412	30	35	2762	3166	1	365	3.67e-65	246
Opu_1_2220767_2387722	Oau_Chr1_2722437_2763492	89.888	178	15	2	15773	15947	38147	38324	4.78e-59	226
Opu_1_2220767_2387722	Oau_Chr1_2722437_2763492	90.278	144	11	3	16788	16928	39072	39215	8.10e-47	185
Opu_1_2220767_2387722	Oau_Chr1_2722437_2763492	82.403	233	14	15	8019	8227	29898	30127	1.36e-44	178
Opu_1_2220767_2387722	Oau_Chr1_2722437_2763492	80.153	262	29	8	8222	8462	31024	31283	1.75e-43	174
