Opu_11_30816571_30998704	Oau_Chr11_59681101_59777953	94.489	6242	236	41	175947	182134	90666	96853	0.0	9522
Opu_11_30816571_30998704	Oau_Chr11_59681101_59777953	93.696	2649	155	6	169643	172286	65443	68084	0.0	3956
Opu_11_30816571_30998704	Oau_Chr11_59681101_59777953	90.544	1544	115	14	100843	102371	31741	33268	0.0	2013
Opu_11_30816571_30998704	Oau_Chr11_59681101_59777953	87.437	1592	121	33	174651	176204	89295	90845	0.0	1759
Opu_11_30816571_30998704	Oau_Chr11_59681101_59777953	89.478	1321	139	0	3	1323	1	1321	0.0	1670
Opu_11_30816571_30998704	Oau_Chr11_59681101_59777953	84.112	1605	161	39	172670	174227	68152	69709	0.0	1465
Opu_11_30816571_30998704	Oau_Chr11_59681101_59777953	85.761	1236	165	7	4935	6169	7890	9115	0.0	1297
Opu_11_30816571_30998704	Oau_Chr11_59681101_59777953	82.022	1296	174	31	17729	19017	31848	33091	0.0	1048
Opu_11_30816571_30998704	Oau_Chr11_59681101_59777953	87.231	697	58	16	100005	100687	31061	31740	0.0	765
Opu_11_30816571_30998704	Oau_Chr11_59681101_59777953	82.353	816	126	8	6156	6956	9141	9953	0.0	693
Opu_11_30816571_30998704	Oau_Chr11_59681101_59777953	80.600	866	145	17	3791	4646	6811	7663	0.0	647
Opu_11_30816571_30998704	Oau_Chr11_59681101_59777953	82.133	750	87	18	95604	96353	24042	24744	6.29e-171	599
Opu_11_30816571_30998704	Oau_Chr11_59681101_59777953	89.975	399	14	16	97023	97406	27572	27959	1.10e-138	492
Opu_11_30816571_30998704	Oau_Chr11_59681101_59777953	79.379	805	78	42	97522	98301	29831	30572	5.11e-137	486
Opu_11_30816571_30998704	Oau_Chr11_59681101_59777953	84.245	457	61	8	16578	17029	31281	31731	1.88e-121	435
Opu_11_30816571_30998704	Oau_Chr11_59681101_59777953	92.336	274	17	3	95291	95561	23771	24043	5.33e-107	387
Opu_11_30816571_30998704	Oau_Chr11_59681101_59777953	92.784	194	6	3	94983	95169	23275	23467	4.33e-73	274
Opu_11_30816571_30998704	Oau_Chr11_59681101_59777953	88.623	167	13	4	98622	98784	30891	31055	2.68e-50	198
Opu_11_30816571_30998704	Oau_Chr11_59681101_59777953	79.464	224	36	5	108462	108682	34470	34254	7.61e-36	150
Opu_11_30816571_30998704	Oau_Chr11_59681101_59777953	88.073	109	8	3	94876	94984	22934	23037	4.61e-28	124
Opu_11_30816571_30998704	Oau_Chr11_59681101_59777953	85.859	99	4	6	102400	102497	33269	33358	1.01e-19	97.1
Opu_11_30816571_30998704	Oau_Chr11_59681101_59777953	82.051	117	16	4	168105	168221	36276	36165	3.62e-19	95.3
