Opu_1_2220767_2239337	Oau_Chr1_2722437_2763492	90.538	3551	249	41	10205	13722	32857	36353	0.0	4615
Opu_1_2220767_2239337	Oau_Chr1_2722437_2763492	92.767	1341	82	2	5497	6837	27114	28439	0.0	1925
Opu_1_2220767_2239337	Oau_Chr1_2722437_2763492	83.698	1325	119	54	14435	15733	36894	38147	0.0	1160
Opu_1_2220767_2239337	Oau_Chr1_2722437_2763492	87.525	986	73	25	8545	9523	31317	32259	0.0	1094
Opu_1_2220767_2239337	Oau_Chr1_2722437_2763492	85.816	705	83	10	4810	5509	25275	25967	0.0	732
Opu_1_2220767_2239337	Oau_Chr1_2722437_2763492	88.325	591	46	15	9561	10134	32263	32847	0.0	688
Opu_1_2220767_2239337	Oau_Chr1_2722437_2763492	85.323	620	58	14	7398	7995	29323	29931	1.25e-175	610
Opu_1_2220767_2239337	Oau_Chr1_2722437_2763492	80.673	802	74	39	17800	18571	40306	41056	9.97e-157	547
Opu_1_2220767_2239337	Oau_Chr1_2722437_2763492	89.000	400	27	2	6846	7228	28656	29055	3.69e-136	479
Opu_1_2220767_2239337	Oau_Chr1_2722437_2763492	91.166	283	24	1	4040	4321	23396	23678	2.98e-107	383
Opu_1_2220767_2239337	Oau_Chr1_2722437_2763492	82.000	450	47	25	16317	16748	38631	39064	8.39e-98	351
Opu_1_2220767_2239337	Oau_Chr1_2722437_2763492	79.612	412	30	35	2762	3166	1	365	4.07e-66	246
Opu_1_2220767_2239337	Oau_Chr1_2722437_2763492	89.888	178	15	2	15773	15947	38147	38324	5.31e-60	226
Opu_1_2220767_2239337	Oau_Chr1_2722437_2763492	90.278	144	11	3	16788	16928	39072	39215	9.01e-48	185
Opu_1_2220767_2239337	Oau_Chr1_2722437_2763492	82.403	233	14	15	8019	8227	29898	30127	1.51e-45	178
Opu_1_2220767_2239337	Oau_Chr1_2722437_2763492	80.153	262	29	8	8222	8462	31024	31283	1.95e-44	174
