Opu_3_40138054_40206290	Oau_Chr3_85743492_85791506	93.024	4673	174	58	2257	6844	2154	6759	0.0	6684
Opu_3_40138054_40206290	Oau_Chr3_85743492_85791506	91.415	4741	218	71	9228	13901	9310	13928	0.0	6325
Opu_3_40138054_40206290	Oau_Chr3_85743492_85791506	90.113	3530	191	58	30776	34263	26509	29922	0.0	4440
Opu_3_40138054_40206290	Oau_Chr3_85743492_85791506	85.899	4326	303	132	16246	20451	16453	20591	0.0	4325
Opu_3_40138054_40206290	Oau_Chr3_85743492_85791506	86.763	2848	291	46	64657	67445	44377	47197	0.0	3092
Opu_3_40138054_40206290	Oau_Chr3_85743492_85791506	94.498	1981	77	14	13905	15873	14141	16101	0.0	3025
Opu_3_40138054_40206290	Oau_Chr3_85743492_85791506	84.635	1972	185	61	62675	64605	42251	44145	0.0	1855
Opu_3_40138054_40206290	Oau_Chr3_85743492_85791506	84.931	1659	99	52	37438	39005	30862	32460	0.0	1539
Opu_3_40138054_40206290	Oau_Chr3_85743492_85791506	88.787	981	64	16	728	1679	816	1779	0.0	1160
Opu_3_40138054_40206290	Oau_Chr3_85743492_85791506	88.321	959	82	9	27830	28784	25004	25936	0.0	1123
Opu_3_40138054_40206290	Oau_Chr3_85743492_85791506	92.521	722	48	4	67444	68163	47232	47949	0.0	1029
Opu_3_40138054_40206290	Oau_Chr3_85743492_85791506	81.376	1294	179	37	26236	27504	23748	25004	0.0	998
Opu_3_40138054_40206290	Oau_Chr3_85743492_85791506	85.392	931	79	31	42115	43017	38499	39400	0.0	913
Opu_3_40138054_40206290	Oau_Chr3_85743492_85791506	95.567	564	25	0	39042	39605	32617	33180	0.0	904
Opu_3_40138054_40206290	Oau_Chr3_85743492_85791506	88.378	783	41	18	34480	35251	29931	30674	0.0	896
Opu_3_40138054_40206290	Oau_Chr3_85743492_85791506	90.233	645	38	12	62465	63095	40959	41592	0.0	819
Opu_3_40138054_40206290	Oau_Chr3_85743492_85791506	88.956	661	39	16	13	654	65	710	0.0	785
Opu_3_40138054_40206290	Oau_Chr3_85743492_85791506	88.629	642	46	6	25070	25694	21648	22279	0.0	756
Opu_3_40138054_40206290	Oau_Chr3_85743492_85791506	84.182	746	63	26	41198	41894	33698	34437	0.0	673
Opu_3_40138054_40206290	Oau_Chr3_85743492_85791506	84.938	644	45	24	43856	44470	38558	39178	2.51e-173	604
Opu_3_40138054_40206290	Oau_Chr3_85743492_85791506	91.451	386	17	3	1722	2092	1780	2164	1.21e-146	516
Opu_3_40138054_40206290	Oau_Chr3_85743492_85791506	93.252	326	17	3	7948	8271	8543	8865	2.05e-134	475
Opu_3_40138054_40206290	Oau_Chr3_85743492_85791506	91.228	342	17	6	39629	39957	33171	33512	9.62e-128	453
Opu_3_40138054_40206290	Oau_Chr3_85743492_85791506	93.500	200	13	0	43008	43207	39488	39687	4.77e-81	298
Opu_3_40138054_40206290	Oau_Chr3_85743492_85791506	83.792	327	33	10	15940	16257	16119	16434	2.22e-79	292
Opu_3_40138054_40206290	Oau_Chr3_85743492_85791506	82.635	334	20	23	7390	7707	7826	8137	6.26e-70	261
Opu_3_40138054_40206290	Oau_Chr3_85743492_85791506	93.478	138	8	1	7720	7857	8122	8258	1.07e-52	204
Opu_3_40138054_40206290	Oau_Chr3_85743492_85791506	85.638	188	19	4	40984	41166	33514	33698	8.33e-49	191
Opu_3_40138054_40206290	Oau_Chr3_85743492_85791506	77.353	340	43	16	44730	45061	39493	39806	1.08e-42	171
Opu_3_40138054_40206290	Oau_Chr3_85743492_85791506	92.982	114	6	2	35288	35399	30665	30778	5.05e-41	165
Opu_3_40138054_40206290	Oau_Chr3_85743492_85791506	82.639	144	17	5	18442	18577	18720	18863	1.11e-27	121
