Oru_Chr1_2359418_2533692	Oni_1_2660243_2702749	98.824	9608	58	12	1	9572	5347	14935	0.0	17066
Oru_Chr1_2359418_2533692	Oni_1_2660243_2702749	97.309	5165	55	20	14766	19916	37413	42507	0.0	8691
Oru_Chr1_2359418_2533692	Oni_1_2660243_2702749	97.731	3835	69	8	10950	14778	33360	37182	0.0	6584
Oru_Chr1_2359418_2533692	Oni_1_2660243_2702749	91.483	3546	259	12	5087	8618	26948	30464	0.0	4835
Oru_Chr1_2359418_2533692	Oni_1_2660243_2702749	99.290	1408	9	1	9566	10972	18834	20241	0.0	2543
Oru_Chr1_2359418_2533692	Oni_1_2660243_2702749	80.047	3423	612	49	147160	150536	37141	33744	0.0	2471
Oru_Chr1_2359418_2533692	Oni_1_2660243_2702749	79.543	3197	581	55	168890	172038	37015	33844	0.0	2213
Oru_Chr1_2359418_2533692	Oni_1_2660243_2702749	79.734	2704	496	46	156916	159590	37062	34382	0.0	1910
Oru_Chr1_2359418_2533692	Oni_1_2660243_2702749	95.420	917	29	5	9201	10110	31304	32214	0.0	1448
Oru_Chr1_2359418_2533692	Oni_1_2660243_2702749	83.333	1434	194	22	151851	153252	35254	33834	0.0	1282
Oru_Chr1_2359418_2533692	Oni_1_2660243_2702749	90.323	899	60	23	154771	155649	32311	31420	0.0	1153
Oru_Chr1_2359418_2533692	Oni_1_2660243_2702749	94.270	733	28	11	1	728	38385	39108	0.0	1109
Oru_Chr1_2359418_2533692	Oni_1_2660243_2702749	90.676	858	40	15	17140	17978	8740	9576	0.0	1105
Oru_Chr1_2359418_2533692	Oni_1_2660243_2702749	94.513	729	16	6	10101	10821	32240	32952	0.0	1103
Oru_Chr1_2359418_2533692	Oni_1_2660243_2702749	89.362	846	49	20	3369	4204	39761	40575	0.0	1026
Oru_Chr1_2359418_2533692	Oni_1_2660243_2702749	90.658	760	29	16	15738	16487	5347	6074	0.0	972
Oru_Chr1_2359418_2533692	Oni_1_2660243_2702749	90.087	686	38	10	962	1635	39107	39774	0.0	863
Oru_Chr1_2359418_2533692	Oni_1_2660243_2702749	92.504	587	40	3	161409	161992	32281	31696	0.0	837
Oru_Chr1_2359418_2533692	Oni_1_2660243_2702749	89.394	660	46	20	139976	140625	32191	31546	0.0	809
Oru_Chr1_2359418_2533692	Oni_1_2660243_2702749	93.889	540	25	3	154870	155401	19373	18834	0.0	808
Oru_Chr1_2359418_2533692	Oni_1_2660243_2702749	95.960	495	16	3	139976	140466	19355	18861	0.0	800
Oru_Chr1_2359418_2533692	Oni_1_2660243_2702749	95.591	499	19	2	161497	161992	19358	18860	0.0	797
Oru_Chr1_2359418_2533692	Oni_1_2660243_2702749	87.411	699	54	19	16486	17153	6309	7004	0.0	773
Oru_Chr1_2359418_2533692	Oni_1_2660243_2702749	86.467	569	28	14	8673	9208	30731	31283	3.44e-165	579
Oru_Chr1_2359418_2533692	Oni_1_2660243_2702749	99.539	217	1	0	10946	11162	20242	20458	3.72e-110	396
Oru_Chr1_2359418_2533692	Oni_1_2660243_2702749	79.041	563	103	13	159722	160278	34238	33685	6.26e-103	372
Oru_Chr1_2359418_2533692	Oni_1_2660243_2702749	86.744	347	21	15	141836	142160	34067	33724	3.77e-100	363
Oru_Chr1_2359418_2533692	Oni_1_2660243_2702749	88.772	285	19	6	4651	4923	26464	26747	2.29e-92	337
Oru_Chr1_2359418_2533692	Oni_1_2660243_2702749	87.143	280	27	7	174005	174275	32290	32011	4.98e-84	309
Oru_Chr1_2359418_2533692	Oni_1_2660243_2702749	94.709	189	10	0	174087	174275	19363	19175	1.39e-79	294
Oru_Chr1_2359418_2533692	Oni_1_2660243_2702749	85.227	264	25	8	155395	155651	14935	14679	5.09e-69	259
Oru_Chr1_2359418_2533692	Oni_1_2660243_2702749	93.258	178	3	4	10738	10912	33077	33248	2.37e-67	254
Oru_Chr1_2359418_2533692	Oni_1_2660243_2702749	82.186	247	24	12	15312	15547	1	238	1.46e-49	195
Oru_Chr1_2359418_2533692	Oni_1_2660243_2702749	93.651	126	3	2	10678	10798	32949	33074	3.15e-46	183
Oru_Chr1_2359418_2533692	Oni_1_2660243_2702749	80.645	217	29	4	141284	141487	34275	34059	6.87e-38	156
Oru_Chr1_2359418_2533692	Oni_1_2660243_2702749	93.069	101	6	1	15649	15749	3403	3502	4.13e-35	147
Oru_Chr1_2359418_2533692	Oni_1_2660243_2702749	89.888	89	3	1	10858	10946	33249	33331	5.42e-24	110
Oru_Chr1_2359418_2533692	Oni_1_2660243_2702749	90.541	74	7	0	15541	15614	717	790	1.17e-20	99.0
Oru_Chr1_2359418_2533692	Oni_1_2660243_2702749	91.667	60	4	1	3591	3650	39912	39970	1.18e-15	82.4
Oru_Chr1_2359418_2533692	Oni_1_2660243_2702749	91.667	60	4	1	17361	17420	39912	39970	1.18e-15	82.4
Oru_Chr1_2359418_2533692	Oni_1_2660243_2702749	100.000	42	0	0	3299	3340	8628	8669	1.53e-14	78.7
Oru_Chr1_2359418_2533692	Oni_1_2660243_2702749	100.000	42	0	0	3258	3299	8669	8710	1.53e-14	78.7
