Oru_Chr1_2359418_2379333	Oni_1_2660243_2702749	98.824	9608	58	12	1	9572	5347	14935	0.0	17066
Oru_Chr1_2359418_2379333	Oni_1_2660243_2702749	97.309	5165	55	20	14766	19916	37413	42507	0.0	8691
Oru_Chr1_2359418_2379333	Oni_1_2660243_2702749	97.731	3835	69	8	10950	14778	33360	37182	0.0	6584
Oru_Chr1_2359418_2379333	Oni_1_2660243_2702749	91.483	3546	259	12	5087	8618	26948	30464	0.0	4835
Oru_Chr1_2359418_2379333	Oni_1_2660243_2702749	99.290	1408	9	1	9566	10972	18834	20241	0.0	2543
Oru_Chr1_2359418_2379333	Oni_1_2660243_2702749	95.420	917	29	5	9201	10110	31304	32214	0.0	1448
Oru_Chr1_2359418_2379333	Oni_1_2660243_2702749	94.270	733	28	11	1	728	38385	39108	0.0	1109
Oru_Chr1_2359418_2379333	Oni_1_2660243_2702749	90.676	858	40	15	17140	17978	8740	9576	0.0	1105
Oru_Chr1_2359418_2379333	Oni_1_2660243_2702749	94.513	729	16	6	10101	10821	32240	32952	0.0	1103
Oru_Chr1_2359418_2379333	Oni_1_2660243_2702749	89.362	846	49	20	3369	4204	39761	40575	0.0	1026
Oru_Chr1_2359418_2379333	Oni_1_2660243_2702749	90.658	760	29	16	15738	16487	5347	6074	0.0	972
Oru_Chr1_2359418_2379333	Oni_1_2660243_2702749	90.087	686	38	10	962	1635	39107	39774	0.0	863
Oru_Chr1_2359418_2379333	Oni_1_2660243_2702749	87.411	699	54	19	16486	17153	6309	7004	0.0	773
Oru_Chr1_2359418_2379333	Oni_1_2660243_2702749	86.467	569	28	14	8673	9208	30731	31283	3.93e-166	579
Oru_Chr1_2359418_2379333	Oni_1_2660243_2702749	99.539	217	1	0	10946	11162	20242	20458	4.24e-111	396
Oru_Chr1_2359418_2379333	Oni_1_2660243_2702749	88.772	285	19	6	4651	4923	26464	26747	2.61e-93	337
Oru_Chr1_2359418_2379333	Oni_1_2660243_2702749	93.258	178	3	4	10738	10912	33077	33248	2.70e-68	254
Oru_Chr1_2359418_2379333	Oni_1_2660243_2702749	82.186	247	24	12	15312	15547	1	238	1.66e-50	195
Oru_Chr1_2359418_2379333	Oni_1_2660243_2702749	93.651	126	3	2	10678	10798	32949	33074	3.60e-47	183
Oru_Chr1_2359418_2379333	Oni_1_2660243_2702749	93.069	101	6	1	15649	15749	3403	3502	4.72e-36	147
Oru_Chr1_2359418_2379333	Oni_1_2660243_2702749	89.888	89	3	1	10858	10946	33249	33331	6.19e-25	110
Oru_Chr1_2359418_2379333	Oni_1_2660243_2702749	90.541	74	7	0	15541	15614	717	790	1.34e-21	99.0
Oru_Chr1_2359418_2379333	Oni_1_2660243_2702749	91.667	60	4	1	3591	3650	39912	39970	1.35e-16	82.4
Oru_Chr1_2359418_2379333	Oni_1_2660243_2702749	91.667	60	4	1	17361	17420	39912	39970	1.35e-16	82.4
Oru_Chr1_2359418_2379333	Oni_1_2660243_2702749	100.000	42	0	0	3299	3340	8628	8669	1.75e-15	78.7
Oru_Chr1_2359418_2379333	Oni_1_2660243_2702749	100.000	42	0	0	3258	3299	8669	8710	1.75e-15	78.7
