Oru_Chr11_26801498_26950434	Oni_11_31143951_31458066	99.172	14611	69	25	73937	88530	292067	306642	0.0	26264
Oru_Chr11_26801498_26950434	Oni_11_31143951_31458066	98.673	12430	141	7	2	12415	1	12422	0.0	22018
Oru_Chr11_26801498_26950434	Oni_11_31143951_31458066	98.429	10884	113	21	43642	54492	38919	49777	0.0	19099
Oru_Chr11_26801498_26950434	Oni_11_31143951_31458066	98.970	8933	42	6	12326	21213	12421	21348	0.0	15941
Oru_Chr11_26801498_26950434	Oni_11_31143951_31458066	99.757	7410	7	3	141538	148937	306708	314116	0.0	13573
Oru_Chr11_26801498_26950434	Oni_11_31143951_31458066	98.146	4692	75	5	35916	40605	32681	37362	0.0	8172
Oru_Chr11_26801498_26950434	Oni_11_31143951_31458066	97.887	4071	40	17	29873	33915	26453	30505	0.0	6999
Oru_Chr11_26801498_26950434	Oni_11_31143951_31458066	97.172	3960	45	20	24431	28361	21344	25265	0.0	6630
Oru_Chr11_26801498_26950434	Oni_11_31143951_31458066	94.318	2675	66	45	89275	91931	50646	53252	0.0	4019
Oru_Chr11_26801498_26950434	Oni_11_31143951_31458066	94.731	2505	85	26	71015	73487	288581	291070	0.0	3851
Oru_Chr11_26801498_26950434	Oni_11_31143951_31458066	94.202	2501	91	22	68440	70923	286086	288549	0.0	3766
Oru_Chr11_26801498_26950434	Oni_11_31143951_31458066	97.585	1615	26	6	28271	29884	25146	26748	0.0	2754
Oru_Chr11_26801498_26950434	Oni_11_31143951_31458066	98.510	1342	10	3	41489	42828	37354	38687	0.0	2359
Oru_Chr11_26801498_26950434	Oni_11_31143951_31458066	91.949	1329	79	13	71015	72320	280698	282021	0.0	1836
Oru_Chr11_26801498_26950434	Oni_11_31143951_31458066	93.489	1198	69	9	21395	22589	134337	133146	0.0	1772
Oru_Chr11_26801498_26950434	Oni_11_31143951_31458066	93.339	1201	67	12	21395	22589	144383	143190	0.0	1762
Oru_Chr11_26801498_26950434	Oni_11_31143951_31458066	91.860	1204	79	12	21395	22589	80277	81470	0.0	1663
Oru_Chr11_26801498_26950434	Oni_11_31143951_31458066	91.164	1211	84	17	21395	22589	239463	238260	0.0	1622
Oru_Chr11_26801498_26950434	Oni_11_31143951_31458066	91.520	1191	77	16	21411	22589	92369	93547	0.0	1618
Oru_Chr11_26801498_26950434	Oni_11_31143951_31458066	88.115	1422	89	39	99874	101260	67189	68565	0.0	1616
Oru_Chr11_26801498_26950434	Oni_11_31143951_31458066	92.825	1115	71	9	123223	124331	217271	218382	0.0	1607
Oru_Chr11_26801498_26950434	Oni_11_31143951_31458066	92.968	1095	37	8	56976	58030	49074	50168	0.0	1559
Oru_Chr11_26801498_26950434	Oni_11_31143951_31458066	95.425	918	33	6	58042	58956	68863	69774	0.0	1454
Oru_Chr11_26801498_26950434	Oni_11_31143951_31458066	86.595	1201	149	7	5698	6895	40461	41652	0.0	1315
Oru_Chr11_26801498_26950434	Oni_11_31143951_31458066	86.511	1201	150	6	45189	46380	5700	6897	0.0	1310
Oru_Chr11_26801498_26950434	Oni_11_31143951_31458066	94.385	837	36	4	101375	102207	68945	69774	0.0	1275
Oru_Chr11_26801498_26950434	Oni_11_31143951_31458066	84.936	1321	128	28	69656	70930	279516	280811	0.0	1271
Oru_Chr11_26801498_26950434	Oni_11_31143951_31458066	97.753	712	14	2	40785	41496	63908	64617	0.0	1225
Oru_Chr11_26801498_26950434	Oni_11_31143951_31458066	78.425	1752	355	19	115937	117672	1	1745	0.0	1120
Oru_Chr11_26801498_26950434	Oni_11_31143951_31458066	93.333	720	39	6	135672	136384	216403	217120	0.0	1055
Oru_Chr11_26801498_26950434	Oni_11_31143951_31458066	93.141	729	24	3	132236	132963	215343	216046	0.0	1046
Oru_Chr11_26801498_26950434	Oni_11_31143951_31458066	96.780	590	15	3	131061	131648	208840	209427	0.0	981
Oru_Chr11_26801498_26950434	Oni_11_31143951_31458066	93.528	618	37	3	106868	107482	217806	217189	0.0	917
Oru_Chr11_26801498_26950434	Oni_11_31143951_31458066	94.692	584	28	2	23850	24430	81714	82297	0.0	904
Oru_Chr11_26801498_26950434	Oni_11_31143951_31458066	94.521	584	27	5	23850	24430	142946	142365	0.0	896
Oru_Chr11_26801498_26950434	Oni_11_31143951_31458066	93.960	596	29	7	23850	24439	238072	237478	0.0	894
Oru_Chr11_26801498_26950434	Oni_11_31143951_31458066	94.188	585	30	4	23850	24430	132902	132318	0.0	889
Oru_Chr11_26801498_26950434	Oni_11_31143951_31458066	93.697	587	33	3	23850	24432	93819	94405	0.0	876
Oru_Chr11_26801498_26950434	Oni_11_31143951_31458066	85.208	818	115	6	46407	47221	6885	7699	0.0	835
Oru_Chr11_26801498_26950434	Oni_11_31143951_31458066	92.386	591	36	4	93090	93676	64624	65209	0.0	833
Oru_Chr11_26801498_26950434	Oni_11_31143951_31458066	85.086	818	116	6	6883	7697	41679	42493	0.0	830
Oru_Chr11_26801498_26950434	Oni_11_31143951_31458066	88.987	681	43	11	55105	55782	47802	48453	0.0	813
Oru_Chr11_26801498_26950434	Oni_11_31143951_31458066	91.376	545	38	4	97909	98449	65420	65959	0.0	737
Oru_Chr11_26801498_26950434	Oni_11_31143951_31458066	86.718	655	48	15	88632	89279	50214	50836	0.0	691
Oru_Chr11_26801498_26950434	Oni_11_31143951_31458066	95.045	444	4	3	92012	92439	61229	61670	0.0	682
Oru_Chr11_26801498_26950434	Oni_11_31143951_31458066	88.774	579	25	24	99045	99600	66368	66929	0.0	673
Oru_Chr11_26801498_26950434	Oni_11_31143951_31458066	87.326	576	36	12	68623	69178	278229	278787	2.75e-178	625
Oru_Chr11_26801498_26950434	Oni_11_31143951_31458066	86.934	574	38	18	68623	69176	261367	261923	7.70e-174	610
Oru_Chr11_26801498_26950434	Oni_11_31143951_31458066	89.980	489	22	17	140086	140559	47171	47647	9.97e-173	606
Oru_Chr11_26801498_26950434	Oni_11_31143951_31458066	90.783	434	34	6	107902	108332	216833	216403	2.81e-163	575
Oru_Chr11_26801498_26950434	Oni_11_31143951_31458066	84.014	588	51	22	68625	69176	263891	264471	2.87e-148	525
Oru_Chr11_26801498_26950434	Oni_11_31143951_31458066	83.193	595	77	14	57065	57652	75468	76046	1.03e-147	523
Oru_Chr11_26801498_26950434	Oni_11_31143951_31458066	82.631	593	87	10	53886	54476	75468	76046	8.04e-144	510
Oru_Chr11_26801498_26950434	Oni_11_31143951_31458066	95.847	313	13	0	132958	133270	82297	81985	1.04e-142	507
Oru_Chr11_26801498_26950434	Oni_11_31143951_31458066	92.416	356	13	8	96453	96801	32682	32334	2.25e-139	496
Oru_Chr11_26801498_26950434	Oni_11_31143951_31458066	94.921	315	16	0	132956	133270	94405	94091	8.10e-139	494
Oru_Chr11_26801498_26950434	Oni_11_31143951_31458066	94.888	313	15	1	132958	133270	142365	142676	3.77e-137	488
Oru_Chr11_26801498_26950434	Oni_11_31143951_31458066	88.917	397	35	2	98498	98894	65982	66369	6.30e-135	481
Oru_Chr11_26801498_26950434	Oni_11_31143951_31458066	94.249	313	18	0	132958	133270	132318	132630	2.27e-134	479
Oru_Chr11_26801498_26950434	Oni_11_31143951_31458066	95.349	301	13	1	107500	107800	217198	216899	8.15e-134	477
Oru_Chr11_26801498_26950434	Oni_11_31143951_31458066	93.375	317	21	0	132954	133270	237486	237802	1.36e-131	470
Oru_Chr11_26801498_26950434	Oni_11_31143951_31458066	83.126	563	39	31	64940	65473	256125	256660	2.28e-129	462
Oru_Chr11_26801498_26950434	Oni_11_31143951_31458066	99.203	251	2	0	43087	43337	38676	38926	1.37e-126	453
Oru_Chr11_26801498_26950434	Oni_11_31143951_31458066	80.763	603	73	33	138516	139084	195840	196433	6.44e-120	431
Oru_Chr11_26801498_26950434	Oni_11_31143951_31458066	91.089	303	23	2	92792	93090	61755	62057	1.08e-112	407
Oru_Chr11_26801498_26950434	Oni_11_31143951_31458066	85.579	423	22	19	67203	67601	256847	257254	1.08e-112	407
Oru_Chr11_26801498_26950434	Oni_11_31143951_31458066	95.935	246	8	2	133978	134222	69785	70029	6.53e-110	398
Oru_Chr11_26801498_26950434	Oni_11_31143951_31458066	89.320	309	12	10	59212	59503	70565	70869	5.12e-101	368
Oru_Chr11_26801498_26950434	Oni_11_31143951_31458066	94.538	238	8	3	95848	96085	46434	46666	2.38e-99	363
Oru_Chr11_26801498_26950434	Oni_11_31143951_31458066	93.145	248	13	2	102211	102457	70081	70325	8.57e-99	361
Oru_Chr11_26801498_26950434	Oni_11_31143951_31458066	96.729	214	7	0	133664	133877	69025	69238	1.11e-97	357
Oru_Chr11_26801498_26950434	Oni_11_31143951_31458066	80.000	530	69	28	67918	68420	263320	263839	1.11e-97	357
Oru_Chr11_26801498_26950434	Oni_11_31143951_31458066	90.476	273	18	4	72581	72853	285824	286088	1.43e-96	353
Oru_Chr11_26801498_26950434	Oni_11_31143951_31458066	80.562	463	74	11	55190	55650	74488	74936	3.10e-93	342
Oru_Chr11_26801498_26950434	Oni_11_31143951_31458066	94.470	217	10	2	122478	122693	209549	209764	1.87e-90	333
Oru_Chr11_26801498_26950434	Oni_11_31143951_31458066	92.405	237	10	2	102466	102694	70572	70808	6.72e-90	331
Oru_Chr11_26801498_26950434	Oni_11_31143951_31458066	91.983	237	17	2	106294	106528	218378	218142	6.72e-90	331
Oru_Chr11_26801498_26950434	Oni_11_31143951_31458066	95.652	207	6	3	134634	134840	187331	187534	2.42e-89	329
Oru_Chr11_26801498_26950434	Oni_11_31143951_31458066	91.597	238	13	2	106530	106766	218098	217867	4.04e-87	322
Oru_Chr11_26801498_26950434	Oni_11_31143951_31458066	94.686	207	8	3	134634	134840	181894	182097	5.23e-86	318
Oru_Chr11_26801498_26950434	Oni_11_31143951_31458066	90.688	247	10	5	58960	59206	70091	70324	1.88e-85	316
Oru_Chr11_26801498_26950434	Oni_11_31143951_31458066	94.872	195	8	2	133371	133563	237837	238031	1.46e-81	303
Oru_Chr11_26801498_26950434	Oni_11_31143951_31458066	96.685	181	6	0	132063	132243	210022	210202	5.27e-81	302
Oru_Chr11_26801498_26950434	Oni_11_31143951_31458066	94.271	192	10	1	133373	133563	132669	132860	3.17e-78	292
Oru_Chr11_26801498_26950434	Oni_11_31143951_31458066	93.750	192	11	1	133373	133563	142713	142904	1.47e-76	287
Oru_Chr11_26801498_26950434	Oni_11_31143951_31458066	87.967	241	29	0	41499	41739	70327	70567	5.30e-76	285
Oru_Chr11_26801498_26950434	Oni_11_31143951_31458066	93.299	194	11	2	133371	133563	81949	81757	5.30e-76	285
Oru_Chr11_26801498_26950434	Oni_11_31143951_31458066	88.889	234	23	3	68048	68279	259208	259440	5.30e-76	285
Oru_Chr11_26801498_26950434	Oni_11_31143951_31458066	84.768	302	23	11	69173	69469	278831	279114	6.86e-75	281
Oru_Chr11_26801498_26950434	Oni_11_31143951_31458066	92.821	195	10	4	133371	133563	94054	93862	2.47e-74	279
Oru_Chr11_26801498_26950434	Oni_11_31143951_31458066	89.189	222	19	5	30523	30741	27700	27919	4.13e-72	272
Oru_Chr11_26801498_26950434	Oni_11_31143951_31458066	92.632	190	13	1	38769	38957	35431	35620	4.13e-72	272
Oru_Chr11_26801498_26950434	Oni_11_31143951_31458066	92.147	191	12	3	38666	38855	35534	35722	1.92e-70	267
Oru_Chr11_26801498_26950434	Oni_11_31143951_31458066	81.714	350	35	17	56174	56501	48519	48861	6.91e-70	265
Oru_Chr11_26801498_26950434	Oni_11_31143951_31458066	88.496	226	8	8	134323	134533	187161	187383	1.16e-67	257
Oru_Chr11_26801498_26950434	Oni_11_31143951_31458066	82.609	322	26	20	137193	137490	256346	256661	1.16e-67	257
Oru_Chr11_26801498_26950434	Oni_11_31143951_31458066	83.444	302	21	16	62577	62861	256370	256659	1.50e-66	254
Oru_Chr11_26801498_26950434	Oni_11_31143951_31458066	86.638	232	23	7	121716	121943	208832	209059	1.93e-65	250
Oru_Chr11_26801498_26950434	Oni_11_31143951_31458066	88.785	214	9	7	134323	134521	181724	181937	6.96e-65	248
Oru_Chr11_26801498_26950434	Oni_11_31143951_31458066	97.222	144	3	1	140626	140768	47791	47648	3.24e-63	243
Oru_Chr11_26801498_26950434	Oni_11_31143951_31458066	96.454	141	5	0	104091	104231	71324	71464	1.95e-60	233
Oru_Chr11_26801498_26950434	Oni_11_31143951_31458066	91.124	169	8	3	99676	99843	66931	67093	4.22e-57	222
Oru_Chr11_26801498_26950434	Oni_11_31143951_31458066	92.857	154	9	2	109073	109225	208992	208840	4.22e-57	222
Oru_Chr11_26801498_26950434	Oni_11_31143951_31458066	99.180	122	0	1	108495	108615	216368	216247	5.46e-56	219
Oru_Chr11_26801498_26950434	Oni_11_31143951_31458066	86.634	202	21	1	136427	136628	217196	217391	5.46e-56	219
Oru_Chr11_26801498_26950434	Oni_11_31143951_31458066	81.419	296	28	18	68137	68420	261038	261318	1.96e-55	217
Oru_Chr11_26801498_26950434	Oni_11_31143951_31458066	88.889	171	11	3	137759	137923	256493	256661	1.53e-51	204
Oru_Chr11_26801498_26950434	Oni_11_31143951_31458066	93.284	134	6	2	136729	136859	81788	81655	9.20e-49	195
Oru_Chr11_26801498_26950434	Oni_11_31143951_31458066	93.284	134	6	2	136729	136859	93893	93760	9.20e-49	195
Oru_Chr11_26801498_26950434	Oni_11_31143951_31458066	85.870	184	25	1	126258	126441	110457	110639	9.20e-49	195
Oru_Chr11_26801498_26950434	Oni_11_31143951_31458066	87.151	179	11	5	102752	102919	71143	71320	3.31e-48	193
Oru_Chr11_26801498_26950434	Oni_11_31143951_31458066	88.199	161	18	1	57871	58030	109412	109572	1.19e-47	191
Oru_Chr11_26801498_26950434	Oni_11_31143951_31458066	99.038	104	1	0	136729	136832	238000	238103	1.54e-46	187
Oru_Chr11_26801498_26950434	Oni_11_31143951_31458066	78.840	293	44	10	118727	119007	36713	36999	7.16e-45	182
Oru_Chr11_26801498_26950434	Oni_11_31143951_31458066	85.632	174	24	1	126258	126431	112065	111893	7.16e-45	182
Oru_Chr11_26801498_26950434	Oni_11_31143951_31458066	97.115	104	3	0	97017	97120	31164	31061	3.33e-43	176
Oru_Chr11_26801498_26950434	Oni_11_31143951_31458066	100.000	94	0	0	35823	35916	30503	30596	1.20e-42	174
Oru_Chr11_26801498_26950434	Oni_11_31143951_31458066	79.457	258	43	10	127402	127653	110712	110459	1.20e-42	174
Oru_Chr11_26801498_26950434	Oni_11_31143951_31458066	95.327	107	3	2	136823	136928	238067	238172	5.57e-41	169
Oru_Chr11_26801498_26950434	Oni_11_31143951_31458066	81.106	217	34	4	92984	93199	46710	46920	2.00e-40	167
Oru_Chr11_26801498_26950434	Oni_11_31143951_31458066	89.683	126	8	4	107155	107278	81568	81446	4.34e-37	156
Oru_Chr11_26801498_26950434	Oni_11_31143951_31458066	88.889	126	8	5	123348	123470	81446	81568	2.02e-35	150
Oru_Chr11_26801498_26950434	Oni_11_31143951_31458066	89.256	121	11	2	108368	108486	216529	216409	2.02e-35	150
Oru_Chr11_26801498_26950434	Oni_11_31143951_31458066	89.256	121	9	1	69534	69654	279343	279459	7.26e-35	148
Oru_Chr11_26801498_26950434	Oni_11_31143951_31458066	89.256	121	8	4	107155	107273	93645	93528	2.61e-34	147
Oru_Chr11_26801498_26950434	Oni_11_31143951_31458066	82.486	177	22	4	88746	88913	109714	109890	2.61e-34	147
Oru_Chr11_26801498_26950434	Oni_11_31143951_31458066	98.765	81	1	0	40604	40684	62056	62136	9.39e-34	145
Oru_Chr11_26801498_26950434	Oni_11_31143951_31458066	98.780	82	0	1	21214	21294	136183	136102	9.39e-34	145
Oru_Chr11_26801498_26950434	Oni_11_31143951_31458066	98.780	82	0	1	21214	21294	146237	146156	9.39e-34	145
Oru_Chr11_26801498_26950434	Oni_11_31143951_31458066	83.626	171	8	9	69177	69342	261979	262134	3.38e-33	143
Oru_Chr11_26801498_26950434	Oni_11_31143951_31458066	83.626	171	8	9	69177	69342	264527	264682	3.38e-33	143
Oru_Chr11_26801498_26950434	Oni_11_31143951_31458066	88.430	121	8	5	123353	123470	93528	93645	1.21e-32	141
Oru_Chr11_26801498_26950434	Oni_11_31143951_31458066	97.561	82	1	1	21214	21294	78412	78493	4.37e-32	139
Oru_Chr11_26801498_26950434	Oni_11_31143951_31458066	97.561	82	1	1	21214	21294	88477	88558	4.37e-32	139
Oru_Chr11_26801498_26950434	Oni_11_31143951_31458066	80.319	188	32	5	135026	135210	215775	215960	1.57e-31	137
Oru_Chr11_26801498_26950434	Oni_11_31143951_31458066	86.992	123	11	4	107155	107275	133048	133167	2.03e-30	134
Oru_Chr11_26801498_26950434	Oni_11_31143951_31458066	86.992	123	11	4	107155	107275	143092	143211	2.03e-30	134
Oru_Chr11_26801498_26950434	Oni_11_31143951_31458066	88.785	107	10	2	135568	135673	216330	216435	2.63e-29	130
Oru_Chr11_26801498_26950434	Oni_11_31143951_31458066	89.423	104	8	2	123351	123453	133167	133066	9.46e-29	128
Oru_Chr11_26801498_26950434	Oni_11_31143951_31458066	89.423	104	8	2	123351	123453	143211	143110	9.46e-29	128
Oru_Chr11_26801498_26950434	Oni_11_31143951_31458066	94.118	85	2	1	21213	21294	241301	241217	3.40e-28	126
Oru_Chr11_26801498_26950434	Oni_11_31143951_31458066	92.308	78	2	2	96083	96156	47005	47082	1.23e-22	108
Oru_Chr11_26801498_26950434	Oni_11_31143951_31458066	100.000	58	0	0	91922	91979	61175	61232	1.23e-22	108
Oru_Chr11_26801498_26950434	Oni_11_31143951_31458066	81.343	134	12	6	35454	35583	120889	121013	2.67e-19	97.1
Oru_Chr11_26801498_26950434	Oni_11_31143951_31458066	93.750	64	4	0	36897	36960	237034	237097	2.67e-19	97.1
Oru_Chr11_26801498_26950434	Oni_11_31143951_31458066	75.299	251	36	20	67918	68148	260757	261001	2.67e-19	97.1
Oru_Chr11_26801498_26950434	Oni_11_31143951_31458066	100.000	51	0	0	13123	13173	13001	12951	9.59e-19	95.3
Oru_Chr11_26801498_26950434	Oni_11_31143951_31458066	100.000	51	0	0	12856	12906	13268	13218	9.59e-19	95.3
Oru_Chr11_26801498_26950434	Oni_11_31143951_31458066	83.962	106	9	5	35505	35610	121013	120916	9.59e-19	95.3
Oru_Chr11_26801498_26950434	Oni_11_31143951_31458066	92.424	66	3	2	136796	136859	93797	93732	3.45e-18	93.5
Oru_Chr11_26801498_26950434	Oni_11_31143951_31458066	94.545	55	3	0	28337	28391	25156	25210	5.77e-16	86.1
Oru_Chr11_26801498_26950434	Oni_11_31143951_31458066	78.169	142	23	5	137601	137735	64665	64805	2.08e-15	84.2
Oru_Chr11_26801498_26950434	Oni_11_31143951_31458066	84.444	90	9	3	35474	35563	120141	120225	2.08e-15	84.2
Oru_Chr11_26801498_26950434	Oni_11_31143951_31458066	85.714	70	9	1	41422	41491	218447	218379	4.50e-12	73.1
Oru_Chr11_26801498_26950434	Oni_11_31143951_31458066	83.951	81	4	6	48213	48285	8273	8352	5.82e-11	69.4
Oru_Chr11_26801498_26950434	Oni_11_31143951_31458066	83.951	81	4	6	8271	8350	43485	43557	5.82e-11	69.4
Oru_Chr11_26801498_26950434	Oni_11_31143951_31458066	91.837	49	4	0	42383	42431	285169	285121	5.82e-11	69.4
Oru_Chr11_26801498_26950434	Oni_11_31143951_31458066	95.122	41	2	0	67592	67632	258768	258808	7.52e-10	65.8
