TM_Chr8_2949669_3024024	YX1_Chr8_2525606_2600651	99.736	13615	23	7	60751	74356	61436	75046	0.0	24930
TM_Chr8_2949669_3024024	YX1_Chr8_2525606_2600651	99.041	4277	25	6	47335	51609	59185	54923	0.0	7657
TM_Chr8_2949669_3024024	YX1_Chr8_2525606_2600651	97.962	3877	46	14	41360	45223	23740	27596	0.0	6691
TM_Chr8_2949669_3024024	YX1_Chr8_2525606_2600651	91.904	2458	185	11	38508	40960	20579	23027	0.0	3424
TM_Chr8_2949669_3024024	YX1_Chr8_2525606_2600651	96.241	1729	55	3	57369	59088	36522	34795	0.0	2824
TM_Chr8_2949669_3024024	YX1_Chr8_2525606_2600651	83.020	1914	224	50	57140	59025	32641	30801	0.0	1640
TM_Chr8_2949669_3024024	YX1_Chr8_2525606_2600651	84.951	1329	149	34	35950	37256	14593	15892	0.0	1299
TM_Chr8_2949669_3024024	YX1_Chr8_2525606_2600651	94.221	796	40	5	45695	46484	29368	30163	0.0	1210
TM_Chr8_2949669_3024024	YX1_Chr8_2525606_2600651	93.631	785	15	11	53294	54053	41860	41086	0.0	1140
TM_Chr8_2949669_3024024	YX1_Chr8_2525606_2600651	92.902	634	24	15	55376	56005	39939	39323	0.0	902
TM_Chr8_2949669_3024024	YX1_Chr8_2525606_2600651	89.807	726	27	16	56349	57042	37896	37186	0.0	887
TM_Chr8_2949669_3024024	YX1_Chr8_2525606_2600651	88.507	670	48	13	51606	52253	54790	54128	0.0	784
TM_Chr8_2949669_3024024	YX1_Chr8_2525606_2600651	95.455	418	14	3	45218	45632	28278	28693	0.0	662
TM_Chr8_2949669_3024024	YX1_Chr8_2525606_2600651	95.388	412	17	2	40951	41360	23096	23507	0.0	654
TM_Chr8_2949669_3024024	YX1_Chr8_2525606_2600651	90.811	370	34	0	36130	36499	9994	10363	2.68e-140	496
TM_Chr8_2949669_3024024	YX1_Chr8_2525606_2600651	91.022	323	15	1	46498	46806	30412	30734	1.28e-118	424
TM_Chr8_2949669_3024024	YX1_Chr8_2525606_2600651	93.380	287	8	9	52251	52537	42521	42246	7.73e-116	414
TM_Chr8_2949669_3024024	YX1_Chr8_2525606_2600651	86.286	350	40	5	38026	38369	18684	19031	1.31e-103	374
TM_Chr8_2949669_3024024	YX1_Chr8_2525606_2600651	92.308	260	7	7	55068	55324	40520	40271	1.32e-98	357
TM_Chr8_2949669_3024024	YX1_Chr8_2525606_2600651	72.364	1328	294	55	43012	44312	1330	2611	6.15e-97	351
TM_Chr8_2949669_3024024	YX1_Chr8_2525606_2600651	91.016	256	13	9	52227	52475	40530	40278	1.72e-92	337
TM_Chr8_2949669_3024024	YX1_Chr8_2525606_2600651	83.333	366	34	16	52960	53304	42247	41888	2.90e-85	313
TM_Chr8_2949669_3024024	YX1_Chr8_2525606_2600651	90.476	231	22	0	52534	52764	9357	9587	4.85e-83	305
TM_Chr8_2949669_3024024	YX1_Chr8_2525606_2600651	88.571	245	23	2	29972	30216	25436	25675	3.78e-79	292
TM_Chr8_2949669_3024024	YX1_Chr8_2525606_2600651	83.819	309	26	13	55084	55390	42521	42235	4.92e-73	272
TM_Chr8_2949669_3024024	YX1_Chr8_2525606_2600651	83.813	278	23	9	57071	57335	37192	36924	1.07e-64	244
TM_Chr8_2949669_3024024	YX1_Chr8_2525606_2600651	81.847	314	14	11	54561	54841	40839	40536	1.40e-58	224
TM_Chr8_2949669_3024024	YX1_Chr8_2525606_2600651	91.111	135	11	1	41790	41923	74912	75046	8.54e-46	182
TM_Chr8_2949669_3024024	YX1_Chr8_2525606_2600651	89.630	135	13	1	74222	74356	24164	24297	1.85e-42	171
TM_Chr8_2949669_3024024	YX1_Chr8_2525606_2600651	84.066	182	18	6	10499	10676	12970	13144	8.60e-41	165
TM_Chr8_2949669_3024024	YX1_Chr8_2525606_2600651	93.069	101	6	1	37369	37468	18578	18678	3.11e-35	147
TM_Chr8_2949669_3024024	YX1_Chr8_2525606_2600651	81.383	188	18	9	32651	32834	12970	13144	1.87e-32	137
TM_Chr8_2949669_3024024	YX1_Chr8_2525606_2600651	79.621	211	25	8	4054	4262	1	195	6.74e-32	135
TM_Chr8_2949669_3024024	YX1_Chr8_2525606_2600651	87.069	116	5	6	4680	4789	8534	8645	5.25e-28	122
TM_Chr8_2949669_3024024	YX1_Chr8_2525606_2600651	90.000	90	9	0	28712	28801	27979	27890	2.44e-26	117
TM_Chr8_2949669_3024024	YX1_Chr8_2525606_2600651	95.522	67	2	1	54705	54770	37684	37618	5.28e-23	106
TM_Chr8_2949669_3024024	YX1_Chr8_2525606_2600651	95.161	62	1	2	65484	65544	66129	66189	3.18e-20	97.1
TM_Chr8_2949669_3024024	YX1_Chr8_2525606_2600651	93.548	62	2	2	65436	65496	66177	66237	1.48e-18	91.6
TM_Chr8_2949669_3024024	YX1_Chr8_2525606_2600651	86.747	83	8	2	56646	56726	40610	40529	5.32e-18	89.8
TM_Chr8_2949669_3024024	YX1_Chr8_2525606_2600651	79.389	131	16	7	54561	54682	37893	37765	8.91e-16	82.4
TM_Chr8_2949669_3024024	YX1_Chr8_2525606_2600651	85.714	70	8	2	55622	55691	34084	34017	5.36e-13	73.1
TM_Chr8_2949669_3024024	YX1_Chr8_2525606_2600651	100.000	34	0	0	65937	65970	66597	66630	3.23e-10	63.9
TM_Chr8_2949669_3024024	YX1_Chr8_2525606_2600651	100.000	34	0	0	65904	65937	66630	66663	3.23e-10	63.9
