YX1_Chr8_2525606_2600651	CN1_Chr8_2924308_3004792	99.303	21384	94	30	53701	75046	59119	80485	0.0	38612
YX1_Chr8_2525606_2600651	CN1_Chr8_2924308_3004792	99.203	13926	74	17	27980	41894	35223	49122	0.0	25067
YX1_Chr8_2525606_2600651	CN1_Chr8_2924308_3004792	99.131	7022	39	8	12391	19402	1	7010	0.0	12610
YX1_Chr8_2525606_2600651	CN1_Chr8_2924308_3004792	98.151	5083	43	16	42809	47878	50001	55045	0.0	8818
YX1_Chr8_2525606_2600651	CN1_Chr8_2924308_3004792	99.368	4747	26	4	23018	27761	14283	19028	0.0	8597
YX1_Chr8_2525606_2600651	CN1_Chr8_2924308_3004792	98.787	2720	15	3	19422	22133	7000	9709	0.0	4824
YX1_Chr8_2525606_2600651	CN1_Chr8_2924308_3004792	99.144	1635	13	1	52091	53724	57653	59287	0.0	2940
YX1_Chr8_2525606_2600651	CN1_Chr8_2924308_3004792	99.207	1513	12	0	48692	50204	56147	57659	0.0	2728
YX1_Chr8_2525606_2600651	CN1_Chr8_2924308_3004792	96.260	1016	20	8	41850	42848	49118	50132	0.0	1650
YX1_Chr8_2525606_2600651	CN1_Chr8_2924308_3004792	84.976	1684	181	23	30801	32439	42087	43743	0.0	1642
YX1_Chr8_2525606_2600651	CN1_Chr8_2924308_3004792	84.917	1684	182	23	34858	36514	38031	39669	0.0	1637
YX1_Chr8_2525606_2600651	CN1_Chr8_2924308_3004792	94.621	1041	35	8	47757	48777	55051	56090	0.0	1592
YX1_Chr8_2525606_2600651	CN1_Chr8_2924308_3004792	99.883	852	1	0	22126	22977	13288	14139	0.0	1568
YX1_Chr8_2525606_2600651	CN1_Chr8_2924308_3004792	98.063	413	4	2	48993	49403	56622	57032	0.0	715
YX1_Chr8_2525606_2600651	CN1_Chr8_2924308_3004792	97.375	419	7	2	49167	49583	56448	56864	0.0	710
YX1_Chr8_2525606_2600651	CN1_Chr8_2924308_3004792	92.609	460	33	1	9993	10452	2366	2824	0.0	660
YX1_Chr8_2525606_2600651	CN1_Chr8_2924308_3004792	97.987	298	6	0	27980	28277	19025	19322	6.20e-147	518
YX1_Chr8_2525606_2600651	CN1_Chr8_2924308_3004792	96.327	245	5	2	48993	49235	56796	57038	2.34e-111	399
YX1_Chr8_2525606_2600651	CN1_Chr8_2924308_3004792	95.510	245	7	2	49341	49583	56448	56690	5.07e-108	388
YX1_Chr8_2525606_2600651	CN1_Chr8_2924308_3004792	72.741	1328	291	54	1330	2611	16654	17956	8.49e-106	381
YX1_Chr8_2525606_2600651	CN1_Chr8_2924308_3004792	98.995	199	2	0	22911	23109	14140	14338	1.43e-98	357
YX1_Chr8_2525606_2600651	CN1_Chr8_2924308_3004792	98.343	181	3	0	16407	16587	4230	4410	6.75e-87	318
YX1_Chr8_2525606_2600651	CN1_Chr8_2924308_3004792	97.238	181	5	0	16621	16801	4016	4196	1.46e-83	307
YX1_Chr8_2525606_2600651	CN1_Chr8_2924308_3004792	90.598	234	13	8	40271	40500	49558	49786	6.80e-82	302
YX1_Chr8_2525606_2600651	CN1_Chr8_2924308_3004792	89.873	237	15	8	42290	42521	47503	47735	3.16e-80	296
YX1_Chr8_2525606_2600651	CN1_Chr8_2924308_3004792	78.205	468	70	22	46964	47416	54263	54713	1.92e-72	270
YX1_Chr8_2525606_2600651	CN1_Chr8_2924308_3004792	81.931	321	50	7	28689	29005	36249	35933	8.92e-71	265
YX1_Chr8_2525606_2600651	CN1_Chr8_2924308_3004792	95.210	167	2	1	27595	27761	35066	35226	4.15e-69	259
YX1_Chr8_2525606_2600651	CN1_Chr8_2924308_3004792	85.542	249	28	6	30159	30403	37643	37399	1.93e-67	254
YX1_Chr8_2525606_2600651	CN1_Chr8_2924308_3004792	77.752	436	67	20	47073	47493	54154	54574	1.50e-63	241
YX1_Chr8_2525606_2600651	CN1_Chr8_2924308_3004792	98.450	129	1	1	42812	42939	50132	50004	4.21e-59	226
YX1_Chr8_2525606_2600651	CN1_Chr8_2924308_3004792	89.630	135	13	1	74912	75046	15431	15564	2.00e-42	171
YX1_Chr8_2525606_2600651	CN1_Chr8_2924308_3004792	89.630	135	13	1	24164	24297	80351	80485	2.00e-42	171
YX1_Chr8_2525606_2600651	CN1_Chr8_2924308_3004792	88.550	131	7	8	33839	33965	41193	41067	7.24e-37	152
YX1_Chr8_2525606_2600651	CN1_Chr8_2924308_3004792	80.349	229	22	6	42730	42939	50136	49912	7.24e-37	152
YX1_Chr8_2525606_2600651	CN1_Chr8_2924308_3004792	83.673	147	18	6	59909	60052	36499	36356	2.62e-31	134
YX1_Chr8_2525606_2600651	CN1_Chr8_2924308_3004792	86.508	126	12	2	47757	47877	55007	55132	2.62e-31	134
YX1_Chr8_2525606_2600651	CN1_Chr8_2924308_3004792	79.429	175	33	3	37944	38116	46549	46376	2.04e-27	121
YX1_Chr8_2525606_2600651	CN1_Chr8_2924308_3004792	92.941	85	3	1	47797	47878	55005	55089	2.04e-27	121
YX1_Chr8_2525606_2600651	CN1_Chr8_2924308_3004792	81.176	170	10	5	37517	37684	47761	47910	2.64e-26	117
YX1_Chr8_2525606_2600651	CN1_Chr8_2924308_3004792	91.358	81	7	0	47796	47876	55173	55093	1.23e-24	111
YX1_Chr8_2525606_2600651	CN1_Chr8_2924308_3004792	94.366	71	2	1	48993	49063	56970	57038	1.59e-23	108
YX1_Chr8_2525606_2600651	CN1_Chr8_2924308_3004792	95.161	62	1	2	66129	66189	71589	71649	3.44e-20	97.1
YX1_Chr8_2525606_2600651	CN1_Chr8_2924308_3004792	93.548	62	2	2	66177	66237	71541	71601	1.60e-18	91.6
YX1_Chr8_2525606_2600651	CN1_Chr8_2924308_3004792	86.747	83	8	2	40529	40610	44749	44829	5.76e-18	89.8
YX1_Chr8_2525606_2600651	CN1_Chr8_2924308_3004792	81.081	111	13	7	39637	39743	41245	41351	9.64e-16	82.4
YX1_Chr8_2525606_2600651	CN1_Chr8_2924308_3004792	81.250	112	11	8	34017	34123	46865	46971	9.64e-16	82.4
YX1_Chr8_2525606_2600651	CN1_Chr8_2924308_3004792	89.831	59	6	0	47753	47811	49909	49967	4.49e-14	76.8
YX1_Chr8_2525606_2600651	CN1_Chr8_2924308_3004792	100.000	39	0	0	53957	53995	50039	50001	5.80e-13	73.1
YX1_Chr8_2525606_2600651	CN1_Chr8_2924308_3004792	100.000	34	0	0	66630	66663	72009	72042	3.49e-10	63.9
YX1_Chr8_2525606_2600651	CN1_Chr8_2924308_3004792	100.000	34	0	0	66597	66630	72042	72075	3.49e-10	63.9
YX1_Chr8_2525606_2600651	CN1_Chr8_2924308_3004792	94.872	39	1	1	16333	16370	3888	3926	4.52e-09	60.2
YX1_Chr8_2525606_2600651	CN1_Chr8_2924308_3004792	94.872	39	1	1	16279	16317	3942	3979	4.52e-09	60.2
